0 0 0 17 9 8 1 0 0 8 0 0 0 0 0 11 26 25 27 4 0 0 0 0 12 12 28 19 2 3 18 0 0 0 0 16 3 0 0 0 0 0 0 13 7 0 0 0 0 0 4 2 0 0 6 20 0 1 21 0 0 0 0 0 10 5 23 7 5 14 6 11 0 0 0 0 15 29 24 22 10 14 
1 1 1 7 4 1 1 1 1 1 1 1 9 16 1 1 10 12 12 10 1 1 1 2 1 1 20 1 3 22 1 1 1 0 3 1 1 1 1 1 1 1 1 1 1 1 11 7 0 5 9 17 25 26 13 4 1 1 1 1 1 1 1 19 11 8 5 18 15 1 2 1 14 6 13 29 23 24 6 21 27 28 
7 6 17 27 26 2 2 9 1 2 11 11 2 2 2 2 2 2 4 2 2 2 2 2 5 19 18 16 2 2 2 2 2 2 23 2 2 2 20 4 2 2 13 6 9 5 0 2 24 14 14 2 28 2 2 2 2 3 3 1 2 2 2 10 21 13 12 12 2 2 2 29 2 0 2 2 2 15 8 25 22 8 
1 3 3 5 29 11 11 1 0 3 3 17 3 3 3 3 3 3 23 18 3 3 3 3 3 3 4 3 3 3 3 2 13 10 3 3 3 3 3 3 3 22 4 7 20 24 19 28 27 26 15 13 6 2 3 3 10 3 3 3 0 3 3 12 14 14 8 3 16 25 21 3 7 8 3 3 3 3 9 6 9 3 
4 4 4 4 4 22 14 14 12 2 28 13 5 4 4 4 4 4 4 4 4 4 4 4 4 4 4 4 18 4 1 0 1 2 4 19 29 3 4 4 4 4 4 4 10 23 7 8 4 4 4 4 4 4 4 4 8 4 4 9 17 21 24 25 15 12 13 9 6 7 4 16 11 4 0 3 20 10 5 27 26 4 
5 5 5 5 6 18 5 7 10 24 6 5 5 5 3 1 5 27 17 2 0 5 5 5 5 28 19 23 5 5 5 8 11 5 9 13 14 2 1 5 5 5 5 8 11 5 5 5 5 5 5 10 5 5 5 5 5 7 4 0 12 15 29 26 25 5 5 5 5 9 16 20 22 13 3 5 5 5 5 5 21 12 
6 6 5 15 6 6 12 20 24 13 6 6 6 6 6 6 14 10 7 6 1 13 3 3 6 6 23 27 6 6 2 29 9 5 6 6 6 6 6 6 6 21 6 6 6 6 28 18 8 11 11 4 6 6 6 6 1 4 14 6 2 7 0 8 12 26 25 6 6 6 6 22 16 6 6 6 19 9 6 6 6 17 
7 7 7 7 8 6 7 7 7 7 16 5 18 6 0 12 7 7 7 7 11 29 26 7 4 7 7 7 7 7 7 7 23 24 11 7 7 7 3 1 2 19 27 7 7 28 7 7 25 15 17 7 4 7 20 2 22 7 7 7 7 7 14 14 8 7 7 7 9 7 13 21 7 7 10 0 9 5 7 10 12 3 
6 5 16 8 8 8 5 24 8 8 8 8 13 21 13 22 27 26 11 7 28 4 1 8 8 3 10 8 8 8 8 8 20 12 18 8 8 7 0 8 8 4 1 8 8 8 8 8 8 9 23 15 12 0 3 10 8 8 8 8 9 8 8 8 8 8 8 6 29 2 14 14 8 8 25 19 17 8 8 8 8 8 
24 21 9 19 9 9 9 9 8 10 3 8 9 9 12 23 11 2 13 27 4 5 0 0 17 26 29 9 9 9 16 15 9 9 9 25 20 9 9 9 18 5 6 4 9 1 14 22 9 9 9 9 9 9 28 6 11 14 9 9 9 9 9 9 13 7 9 9 9 9 9 1 2 7 9 9 9 9 9 9 9 10 
4 0 10 8 27 29 23 13 10 10 10 10 24 14 10 10 10 10 10 10 2 11 2 12 3 1 10 10 25 4 7 7 10 10 10 10 10 20 21 13 1 16 18 11 10 10 5 0 5 10 10 10 10 6 12 10 10 8 9 6 10 10 10 10 10 10 14 22 17 26 28 19 15 10 10 10 10 10 10 10 10 10 
11 11 11 11 11 11 11 11 11 1 11 11 12 18 1 11 11 11 11 11 11 11 4 7 23 15 24 20 21 16 8 11 11 11 11 3 11 11 6 9 6 0 5 11 11 11 11 11 11 11 11 28 9 5 11 11 11 11 12 14 14 8 10 13 11 17 26 25 22 13 27 11 11 11 11 2 2 3 10 19 29 4 
12 16 7 18 28 27 12 12 12 12 0 12 12 12 12 12 12 12 12 12 22 15 17 12 12 12 26 3 9 6 12 12 12 12 0 1 2 29 23 21 12 12 14 20 19 8 13 11 4 4 10 24 12 12 12 12 12 12 12 12 12 2 12 12 12 12 12 12 14 6 9 3 13 10 11 25 12 8 7 5 12 12 
11 7 3 28 17 13 13 13 26 13 27 13 13 4 13 10 2 11 13 12 13 13 5 8 6 23 22 9 16 7 13 13 13 13 13 13 1 0 13 13 5 2 13 13 13 0 13 19 9 13 13 13 13 13 13 3 14 12 1 8 10 13 13 13 13 13 13 13 18 13 13 13 13 13 13 24 29 25 21 20 14 15 
5 4 0 11 14 14 14 14 14 3 10 0 14 14 14 14 14 14 10 15 16 1 22 28 18 6 27 7 6 5 13 12 25 9 13 14 14 14 4 23 12 14 14 1 8 20 14 2 26 14 14 14 14 7 17 11 14 14 14 14 14 24 14 14 14 14 14 3 14 14 14 14 14 19 29 9 21 14 14 14 14 14 
0 24 15 15 19 21 9 23 15 15 15 15 15 15 6 4 21 19 18 15 15 15 15 17 27 15 7 10 22 2 15 15 18 15 15 29 25 15 15 8 3 12 15 15 1 11 16 16 15 15 15 15 24 15 5 15 28 28 29 15 15 15 13 15 15 15 20 20 15 27 26 15 15 22 17 15 15 15 26 14 15 15 
16 16 16 16 16 2 18 28 29 16 16 16 16 16 16 16 5 3 16 16 16 16 16 16 1 7 16 16 16 16 16 13 0 11 6 16 24 16 16 16 16 16 24 19 28 27 16 16 23 25 27 20 14 12 18 21 23 16 16 16 15 10 8 15 22 22 16 16 16 17 16 16 16 4 9 17 25 21 29 26 19 16 
17 17 17 17 17 28 26 11 7 12 23 17 16 9 14 17 17 17 17 17 17 17 17 17 17 18 21 8 5 17 22 20 2 20 10 24 21 15 16 3 4 1 0 15 6 25 17 17 18 13 17 17 29 25 17 17 17 19 17 22 17 29 26 27 17 17 17 17 17 17 17 27 19 17 17 17 17 23 17 17 17 17 
17 3 1 18 18 18 18 29 15 16 18 18 18 18 21 18 18 18 18 18 18 18 18 18 18 18 18 18 18 18 18 18 18 18 18 20 6 14 22 18 18 18 18 18 24 29 18 18 18 19 28 25 26 28 18 18 17 23 8 7 19 26 25 24 27 10 21 18 18 18 4 13 0 11 2 5 12 20 23 9 15 16 
19 27 28 19 19 9 7 26 25 27 22 20 15 0 10 21 18 19 19 25 18 17 23 4 8 19 19 19 26 17 3 1 12 23 19 19 19 16 29 6 19 19 19 19 19 19 19 19 19 19 24 14 13 24 11 5 19 19 19 19 19 19 19 19 28 15 22 16 2 20 19 19 19 19 19 19 19 19 19 19 19 19 
20 20 9 29 21 14 13 20 23 7 1 20 20 20 20 16 4 17 19 28 15 18 18 26 24 24 20 20 8 21 12 20 20 20 20 20 20 20 20 20 16 20 20 20 20 20 25 5 11 0 25 20 10 15 20 20 20 22 19 27 27 3 2 20 20 20 20 20 20 20 20 20 29 28 23 20 20 20 20 20 6 22 
20 21 21 21 21 21 22 12 14 23 21 16 21 21 21 21 21 7 21 11 3 0 16 5 28 4 21 1 21 21 26 27 28 15 15 8 21 24 21 21 21 21 20 18 25 19 17 17 22 27 26 29 21 21 21 21 2 21 21 19 21 21 9 21 21 21 21 13 21 23 21 21 24 29 6 10 21 21 21 21 21 21 
22 22 15 16 18 22 22 22 11 22 22 12 20 24 22 22 22 29 26 16 22 22 22 25 26 25 22 22 22 22 22 23 10 28 4 14 19 23 22 18 21 22 19 27 27 6 8 22 22 24 5 7 0 13 2 17 22 22 22 22 21 1 3 9 22 22 22 22 22 29 17 22 22 22 22 22 22 22 20 22 22 22 
12 11 4 23 14 1 23 23 23 23 23 15 6 20 24 23 22 18 23 17 17 3 23 23 23 23 23 23 28 18 15 23 23 23 23 2 10 23 23 23 23 29 29 25 13 23 23 23 23 28 23 9 5 21 23 23 23 23 23 16 7 0 19 20 24 25 23 23 23 23 19 26 27 26 23 22 23 23 23 23 8 21 
24 24 10 4 16 26 24 24 24 24 15 18 24 24 24 3 12 14 21 6 13 2 24 23 24 24 24 28 27 9 5 11 24 24 24 24 24 24 24 0 8 24 24 24 24 24 23 24 24 24 24 24 24 24 25 18 19 16 7 15 29 24 24 24 24 21 17 24 20 1 20 28 24 27 22 24 22 24 24 17 25 26 
22 22 21 23 11 13 2 0 25 26 21 10 14 12 20 6 7 25 25 25 27 28 28 25 25 25 16 4 25 26 27 18 25 18 25 25 25 9 15 20 23 24 25 25 25 25 25 25 25 25 25 25 25 25 25 25 5 25 17 3 1 19 25 25 25 25 25 25 25 25 29 15 8 17 25 25 25 25 19 25 25 29 
27 17 27 21 26 26 26 26 26 26 8 1 2 3 4 18 26 26 26 26 26 22 26 26 26 26 26 22 26 26 26 28 24 13 20 7 11 6 9 16 0 14 15 26 29 10 18 24 26 26 26 26 26 26 23 12 20 25 16 29 26 26 26 26 17 26 26 23 25 26 26 26 28 26 26 15 5 19 26 26 26 26 
27 27 27 27 27 27 24 22 28 27 27 27 3 2 16 17 27 27 27 27 27 16 15 18 27 29 27 27 27 28 27 27 27 27 25 6 8 1 13 5 19 18 27 27 27 27 29 25 27 27 27 26 21 4 21 23 0 11 22 27 27 9 12 27 27 27 7 24 23 27 27 27 27 27 26 20 10 14 17 27 27 19 
16 20 28 28 28 28 28 28 28 15 28 27 21 15 22 2 17 4 16 28 28 28 28 28 28 28 28 28 28 28 28 28 28 28 24 10 7 11 24 29 29 20 25 26 28 28 28 28 19 28 28 28 28 28 28 25 28 28 23 12 26 13 1 0 28 27 9 5 21 18 28 28 28 28 19 6 3 22 14 8 17 28 
19 1 11 29 29 29 28 29 29 22 18 6 0 5 2 14 3 29 25 26 26 29 24 16 25 29 29 18 7 8 28 29 27 27 19 29 29 29 29 29 29 29 29 24 29 29 29 23 15 10 13 29 29 9 4 15 12 21 29 29 29 29 29 21 20 20 16 17 29 29 29 29 29 29 29 29 29 29 29 23 29 29 
