24 7 22 6 2 10 14 0 11 0 0 0 0 0 16 28 0 1 3 15 14 11 0 10 18 3 0 2 8 5 0 0 0 0 0 0 0 0 0 0 0 0 1 17 4 9 20 21 12 23 29 12 27 7 0 0 13 8 0 0 0 0 0 6 0 0 4 26 25 19 5 0 0 0 0 0 0 0 0 0 0 0 
1 1 1 13 6 27 26 25 1 1 1 1 1 5 1 1 1 1 2 3 28 17 14 11 1 1 2 3 1 6 29 1 1 1 7 11 1 0 1 1 1 1 1 1 1 8 4 13 10 22 24 20 12 1 4 16 9 5 1 1 1 1 1 1 1 1 1 10 12 21 15 19 23 18 0 1 1 1 1 9 7 1 
8 29 25 22 2 2 11 28 2 1 6 2 2 2 2 18 17 2 2 2 2 13 24 2 2 2 2 2 3 10 11 2 2 2 2 0 8 4 23 2 2 2 2 2 2 2 2 2 2 12 2 2 4 9 6 2 2 2 2 26 21 13 5 1 12 15 5 7 9 16 19 3 2 2 2 2 27 2 0 14 14 20 
9 5 6 3 3 3 3 3 3 3 3 3 3 8 11 3 13 27 3 3 3 22 23 3 3 3 3 3 3 3 4 7 26 28 17 19 25 10 1 3 3 14 2 3 3 6 13 2 8 20 11 9 3 3 3 10 24 7 1 3 3 29 4 21 0 0 18 15 16 12 3 3 3 3 3 3 3 14 3 3 3 3 
5 4 27 29 16 26 13 7 15 9 4 4 4 4 4 3 1 4 4 10 11 4 4 4 4 17 19 18 4 4 4 4 12 20 2 4 4 4 4 4 1 2 4 3 4 4 4 4 4 21 10 4 4 4 4 7 23 14 14 5 8 4 4 4 4 4 4 4 28 25 6 0 22 9 4 13 24 12 4 0 8 4 
5 5 5 15 13 21 7 23 1 0 8 5 5 5 5 5 11 10 10 14 12 9 9 25 22 12 5 17 5 5 5 5 1 26 27 5 5 6 5 5 6 5 7 11 3 13 19 4 28 5 5 5 5 5 24 2 2 5 5 5 5 5 5 16 5 5 5 5 5 5 5 8 18 5 5 5 3 0 5 5 20 29 
1 6 6 6 6 20 29 3 6 6 6 5 8 25 27 23 9 6 6 6 17 21 13 12 16 2 3 6 10 6 6 2 11 6 19 28 6 6 6 6 6 6 4 6 6 6 6 14 14 7 9 5 6 6 6 13 22 6 6 6 1 6 6 6 6 12 24 6 6 6 6 6 7 8 6 6 15 26 4 11 18 0 
7 7 10 20 9 12 7 7 12 7 7 7 7 27 26 15 23 25 17 2 3 19 29 8 3 7 11 7 7 11 0 7 7 7 7 4 4 7 7 7 7 7 7 7 7 7 2 24 7 7 5 16 6 7 7 7 28 7 5 18 22 7 8 7 7 13 7 7 21 14 7 10 7 0 7 6 1 9 7 7 7 14 
8 8 8 3 3 23 8 12 8 8 8 8 8 8 8 8 8 6 9 6 2 4 4 8 8 8 13 20 8 28 19 5 9 17 15 22 8 8 18 14 7 0 10 1 25 8 8 8 8 11 12 26 8 14 8 8 8 8 8 13 8 8 8 8 27 29 7 24 8 8 8 8 0 8 5 21 10 1 8 8 8 16 
9 9 9 9 9 3 8 11 23 9 9 9 22 28 25 29 9 9 9 9 9 9 9 13 2 8 0 9 9 4 9 4 9 7 11 9 5 14 5 1 0 10 14 6 9 9 6 10 9 9 9 9 9 9 16 17 9 26 2 1 9 9 9 12 20 24 27 18 9 13 7 15 19 9 9 9 9 9 9 9 9 21 
10 10 10 12 12 10 25 20 13 6 0 24 2 10 28 8 10 10 10 10 9 16 11 10 10 10 10 10 10 10 10 10 10 10 10 5 10 10 17 19 27 10 10 10 7 2 8 10 10 10 10 14 14 4 7 10 26 21 13 10 3 1 10 10 10 4 1 10 6 15 10 10 29 22 23 10 10 18 5 10 0 11 
10 1 11 19 18 29 11 11 11 11 11 11 11 11 11 11 11 11 11 11 11 11 11 11 4 11 11 11 5 11 11 10 11 2 11 11 13 11 7 0 25 1 11 11 11 4 14 12 11 11 11 2 8 5 8 23 15 6 17 12 9 9 28 27 26 16 21 6 13 20 22 24 3 11 3 11 14 11 11 11 11 11 
7 9 5 12 12 12 12 12 12 12 12 7 3 2 1 26 19 4 4 12 12 12 15 12 12 12 10 9 16 22 25 20 12 18 21 13 6 8 0 3 28 17 13 14 11 12 12 12 12 12 12 12 12 12 12 0 8 23 12 12 12 24 29 12 12 12 12 12 12 12 14 12 12 2 6 12 12 12 12 10 11 27 
21 8 20 13 13 13 13 13 13 8 7 3 11 4 5 13 13 9 26 11 13 13 13 13 12 10 13 16 22 24 13 0 13 13 10 13 13 13 14 18 17 6 13 2 1 13 13 13 23 28 25 27 9 13 14 13 13 13 13 13 13 13 0 7 1 13 12 5 13 13 13 13 13 13 13 13 13 2 3 29 19 15 
14 14 14 17 19 13 14 14 29 11 4 0 7 10 22 27 25 26 14 14 14 14 14 3 1 11 28 6 7 16 9 1 2 21 23 9 0 14 14 14 14 14 14 14 14 14 14 14 14 14 14 14 14 14 14 14 14 14 14 14 13 6 18 8 5 5 15 12 24 14 14 12 20 3 4 10 14 14 14 14 14 14 
15 6 14 15 15 18 23 15 15 15 24 22 15 15 15 15 18 15 15 15 13 12 15 4 10 16 17 22 20 20 26 15 7 0 15 15 27 15 15 25 19 28 28 26 17 27 29 29 11 5 2 24 15 1 15 15 15 15 15 15 15 21 15 15 15 15 15 15 19 15 15 15 21 15 9 15 15 15 8 3 16 15 
29 27 16 16 16 16 21 14 16 23 12 8 15 16 16 16 0 23 29 28 18 16 16 16 16 16 16 16 16 16 16 19 25 25 26 15 16 11 6 4 16 16 24 24 9 16 16 16 7 10 21 16 16 16 16 16 16 17 28 17 16 5 16 16 16 16 16 16 16 16 3 13 2 19 18 1 22 22 20 27 16 16 
27 14 24 17 25 28 3 29 27 17 17 2 17 17 17 17 17 17 17 17 17 17 19 26 19 17 17 17 17 17 16 15 13 17 17 21 16 17 17 17 17 17 17 17 17 12 22 25 18 29 23 23 5 6 17 17 17 17 17 17 18 17 15 22 21 17 17 4 20 8 10 20 17 17 17 9 0 11 1 7 17 26 
23 21 9 16 18 18 18 26 26 7 3 1 18 18 18 18 18 17 15 17 18 18 18 18 18 19 27 18 28 19 5 21 18 18 18 18 28 25 18 18 18 16 23 10 2 20 24 8 18 18 20 29 15 24 0 14 29 22 18 18 18 18 18 4 6 18 18 18 18 18 13 18 18 18 18 11 12 18 18 18 18 25 
19 10 11 19 19 16 20 13 19 19 27 28 1 22 4 5 19 28 25 19 19 19 19 19 19 19 19 19 19 19 19 19 18 6 19 19 19 23 19 19 19 27 17 19 19 19 19 20 2 25 26 19 19 12 3 8 21 29 26 15 24 18 16 23 22 17 19 19 19 19 19 19 19 19 7 0 9 15 14 24 19 19 
20 20 20 20 20 20 20 20 16 27 20 9 23 15 18 1 8 11 20 20 22 28 18 29 29 27 26 20 20 20 20 20 0 20 25 25 19 17 20 5 21 7 20 20 20 20 20 20 20 20 20 20 19 3 12 24 14 2 6 22 20 4 10 20 20 21 28 16 20 20 24 20 20 15 13 23 20 20 20 20 20 20 
21 21 1 27 29 21 21 27 19 19 9 21 21 18 8 17 28 21 14 20 21 21 0 2 24 22 5 11 23 3 10 21 21 21 21 21 23 15 15 7 21 21 21 20 6 16 16 21 4 21 21 21 24 25 26 28 21 21 12 21 21 21 21 21 21 21 21 21 21 21 21 21 21 13 22 21 21 21 29 26 17 21 
20 22 22 22 15 2 12 0 8 17 22 22 22 22 22 13 10 21 11 25 22 22 22 16 22 22 22 22 22 22 22 22 22 22 18 22 29 28 4 6 18 22 20 19 24 14 22 27 25 22 22 19 26 27 17 26 22 22 22 22 22 23 23 22 22 1 16 21 29 22 22 22 22 22 22 24 22 22 7 5 9 3 
23 24 29 26 26 23 23 23 23 23 11 4 23 0 2 23 23 23 20 12 21 23 23 24 23 7 23 23 23 17 22 25 28 1 23 23 23 23 23 23 14 21 23 23 20 19 27 28 23 23 23 23 3 13 15 23 23 23 15 6 16 23 23 23 10 18 17 25 18 5 23 22 23 23 23 23 23 23 9 8 29 19 
24 24 24 25 27 25 18 15 3 15 24 24 18 17 17 11 26 2 6 9 24 24 24 24 24 29 23 27 19 24 13 24 22 22 0 23 1 7 28 28 16 5 24 24 24 24 24 24 20 14 24 24 24 24 24 24 24 24 8 10 24 24 21 20 16 24 24 24 24 24 24 24 24 24 24 24 24 21 12 24 26 4 
19 20 25 25 25 25 25 25 6 3 22 21 4 25 25 16 25 25 25 25 25 24 25 25 8 1 22 10 17 25 25 25 25 25 25 25 25 25 27 25 25 26 26 25 25 28 28 25 25 25 25 21 25 25 25 29 17 15 0 14 5 7 9 29 15 25 19 25 25 25 25 18 13 11 2 12 23 23 18 20 27 25 
15 4 16 26 26 26 26 26 26 29 17 27 5 11 26 26 26 26 26 26 24 14 22 26 28 28 26 19 1 29 26 26 26 26 26 18 10 13 20 23 2 26 26 26 26 7 12 16 9 18 26 26 26 26 26 26 26 26 26 26 20 0 6 15 26 25 26 26 8 22 25 26 24 23 17 3 21 26 27 26 26 26 
27 27 27 27 27 27 28 27 27 27 27 27 17 27 27 27 29 27 28 26 19 18 16 18 23 27 27 27 4 25 20 22 21 10 27 27 27 27 27 17 27 27 11 7 26 27 27 27 29 9 14 27 27 27 25 15 16 13 22 3 0 8 1 27 27 27 27 19 5 6 23 21 12 24 24 2 27 27 27 27 27 27 
14 22 8 9 20 28 28 28 2 12 20 28 0 28 28 28 28 28 28 28 28 28 25 19 28 28 28 23 28 28 6 26 28 28 28 28 28 28 28 28 28 28 28 25 19 28 28 28 28 28 22 4 16 16 29 28 28 24 28 21 15 17 28 10 7 27 28 28 28 24 21 26 17 5 29 15 13 27 11 18 3 1 
29 29 29 29 29 29 29 29 29 29 1 11 21 16 15 29 29 15 29 19 25 23 29 29 29 29 16 7 9 29 29 24 10 13 28 27 29 27 19 2 3 22 21 23 14 24 29 29 29 29 29 29 25 26 29 29 29 29 18 0 12 29 29 29 4 29 26 28 29 18 8 6 29 17 29 5 20 20 29 29 29 29 
