12 0 0 0 6 0 0 21 14 9 0 2 0 0 5 0 0 3 0 7 10 4 14 11 12 0 0 2 0 5 0 13 0 0 11 0 0 0 20 0 0 27 10 0 19 8 0 0 8 0 29 18 0 17 0 0 0 22 0 0 0 0 0 1 0 1 24 4 0 0 26 0 25 7 6 3 28 15 0 23 16 0
1 1 1 27 2 26 2 1 28 4 1 11 0 9 1 1 1 1 1 18 1 10 1 9 10 17 11 3 1 1 6 14 3 29 5 1 1 1 1 4 0 12 1 15 21 1 1 7 1 1 24 1 1 7 1 1 1 25 1 13 23 6 1 1 8 1 1 1 1 16 1 19 1 1 1 13 20 1 1 5 12 22
11 2 9 2 2 2 2 3 2 2 21 2 4 26 13 2 6 15 2 2 2 5 8 2 2 0 29 2 13 10 0 6 23 2 28 18 5 24 14 2 2 4 2 19 16 2 2 2 20 2 2 2 1 2 1 7 3 2 17 22 2 2 2 2 2 2 8 14 2 27 2 2 9 2 2 2 2 11 25 12 2 12
9 13 1 9 21 3 0 3 3 29 14 19 10 3 3 2 3 3 22 14 3 18 3 3 8 3 5 3 3 3 3 3 3 3 24 3 3 23 26 13 2 3 28 16 12 3 6 17 7 0 3 7 25 3 3 1 3 3 3 3 11 10 3 3 4 27 3 3 3 3 15 3 3 3 3 3 4 3 6 8 11 20
28 1 14 26 4 4 12 4 4 4 15 7 4 5 4 0 1 4 8 9 14 4 4 16 4 4 4 18 4 4 4 9 4 3 4 0 3 4 4 4 4 4 8 6 25 2 11 2 4 17 4 4 4 4 4 10 4 4 4 4 22 4 7 4 4 12 5 4 23 13 4 4 4 10 24 29 4 20 27 13 19 21
6 5 7 21 16 5 10 4 12 5 25 10 5 5 5 8 5 5 5 5 5 5 5 5 28 5 5 17 5 5 5 8 9 18 5 3 5 9 1 5 7 5 20 0 23 24 13 27 1 5 5 5 0 3 5 5 5 5 6 5 5 5 2 5 11 5 5 22 2 5 5 5 5 11 29 14 19 26 12 5 13 15
6 9 6 20 6 29 24 14 17 5 6 28 5 6 26 6 6 6 21 6 2 6 12 6 14 4 6 6 6 1 6 6 16 6 25 6 6 13 11 6 4 6 18 6 27 6 6 19 6 2 9 6 6 15 3 6 10 3 6 0 6 6 13 12 6 8 1 11 22 7 6 8 6 6 6 6 23 6 6 6 6 7
7 2 7 7 7 5 7 7 3 7 7 7 24 18 9 7 7 7 19 7 13 8 4 7 16 22 0 7 25 11 7 3 11 0 12 10 8 29 7 23 7 6 1 7 7 7 7 7 7 7 5 7 7 7 7 7 7 4 12 20 6 7 7 7 7 7 7 17 28 7 2 14 21 7 14 7 15 9 10 27 26 7
26 10 24 8 14 9 9 8 2 7 7 8 8 8 1 8 8 8 8 6 5 8 8 8 8 15 13 8 27 28 3 8 18 19 22 25 8 4 8 20 8 8 8 29 8 8 1 8 8 8 8 8 13 8 8 6 0 12 8 3 0 4 8 5 8 8 8 23 12 8 8 8 8 14 16 8 10 17 8 8 21 11
9 9 9 9 9 9 9 10 10 9 13 14 9 9 9 15 9 24 5 9 9 27 5 9 26 9 12 9 11 4 7 9 9 14 23 16 9 9 8 6 9 13 22 7 9 9 0 11 9 8 9 2 4 9 0 9 9 9 9 28 19 9 17 9 6 9 3 1 1 9 9 9 9 2 21 20 29 9 18 9 25 9
14 10 10 0 28 10 10 10 10 10 0 10 10 24 10 7 7 4 10 22 10 10 26 19 10 5 10 25 1 10 10 10 17 21 13 10 20 10 29 10 8 10 10 10 10 9 2 13 10 10 4 15 6 8 10 10 10 10 10 12 10 10 3 23 18 5 11 12 10 10 1 2 6 10 11 10 10 27 10 14 10 16
11 14 17 29 27 2 11 12 4 25 1 11 16 11 11 11 8 11 0 11 11 11 13 11 11 11 11 21 11 11 11 10 11 2 11 12 28 10 11 5 11 8 11 22 20 1 11 11 6 11 3 4 14 11 7 11 5 9 11 11 11 9 23 3 11 11 11 11 15 18 6 11 13 11 11 11 24 11 19 26 11 11
12 12 12 7 9 12 12 12 12 28 6 13 8 11 4 12 20 6 12 2 12 13 12 3 12 12 12 9 24 22 10 12 0 25 12 12 29 15 4 12 12 12 11 12 12 12 17 21 23 5 8 12 12 12 10 12 16 12 12 12 12 12 0 12 14 12 7 12 12 12 14 3 1 19 27 2 26 18 12 12 12 12
27 13 10 13 7 4 26 1 13 17 13 13 13 8 13 13 13 7 2 21 13 13 13 18 13 3 13 16 13 24 5 13 14 13 13 1 0 13 13 13 12 13 19 13 9 6 13 13 13 10 13 12 13 28 8 11 22 13 3 13 25 14 13 13 2 9 13 13 0 13 5 11 13 23 15 13 13 29 20 13 13 13
14 14 14 13 14 0 14 14 14 23 14 14 9 14 3 12 13 5 26 14 14 14 14 8 14 14 17 6 6 16 19 14 14 14 29 14 18 1 14 25 9 10 2 12 7 3 22 14 4 11 14 1 14 11 14 5 7 14 0 14 20 14 14 4 14 14 28 14 14 10 14 14 24 14 14 14 27 21 15 14 14 14
15 15 15 15 15 15 18 29 13 15 15 15 21 15 19 15 23 15 12 15 24 14 15 15 11 15 6 22 15 15 22 17 15 15 4 15 17 15 7 18 15 15 16 15 10 15 27 8 15 15 2 15 24 15 15 0 20 15 15 5 21 28 27 9 26 15 26 3 15 28 15 16 19 1 15 25 15 15 15 20 29 15
7 21 16 16 16 16 29 16 16 24 16 15 16 16 16 13 9 11 10 19 12 22 17 16 16 16 16 16 5 16 4 19 16 17 16 16 16 27 25 0 24 16 16 16 16 16 16 16 16 15 21 6 16 22 16 28 16 14 8 18 2 23 1 18 16 23 16 16 27 16 20 16 3 28 16 16 16 25 26 29 16 16
17 22 17 17 17 3 7 17 17 17 26 21 20 16 11 20 22 19 1 29 26 17 17 17 18 17 17 17 17 23 25 17 17 17 27 15 17 19 13 2 17 5 17 10 8 12 17 17 16 17 23 17 17 17 15 17 25 17 17 14 28 17 17 17 0 18 27 17 17 9 4 17 17 6 17 17 21 17 17 17 24 29
29 18 18 15 4 24 18 8 16 22 18 26 18 18 10 25 0 18 18 18 3 18 28 18 18 25 21 18 18 19 11 18 18 18 18 18 18 18 18 18 18 15 18 13 29 16 18 18 18 19 20 18 7 12 27 17 28 26 1 18 5 17 14 18 18 18 23 18 18 18 9 24 23 18 18 6 2 18 18 21 20 18
19 5 26 16 19 20 19 19 27 15 28 19 23 15 19 1 3 19 19 19 27 19 20 19 2 14 10 26 18 19 19 19 19 19 21 28 16 19 18 12 17 19 19 19 19 19 23 19 19 19 19 17 19 9 4 29 19 13 19 11 19 24 8 7 19 19 25 24 19 0 19 19 19 19 19 22 19 6 19 22 19 25
1 0 6 20 24 20 23 19 20 21 20 20 20 22 20 20 20 21 28 15 28 20 20 5 24 16 20 8 4 15 20 12 26 20 16 20 20 18 20 20 20 19 20 20 20 7 18 25 20 27 20 29 27 29 20 20 20 10 9 20 20 20 20 13 20 11 22 25 14 20 20 23 17 3 2 20 20 20 20 20 20 20
21 21 12 21 21 16 14 21 23 21 21 21 21 21 24 27 26 21 21 21 9 11 23 7 4 29 21 21 15 3 29 18 15 21 21 6 24 0 27 21 21 21 17 28 21 21 16 21 10 21 21 21 19 21 5 20 21 21 21 21 21 2 28 22 20 22 13 26 19 8 21 21 21 25 21 17 21 21 1 21 21 21
19 22 22 2 17 12 11 27 20 22 16 8 22 22 16 22 22 1 22 22 25 22 29 6 25 22 22 22 23 22 22 27 4 22 22 22 23 22 24 10 20 22 22 22 26 29 22 18 18 21 28 5 17 22 22 22 22 22 15 22 22 7 26 22 19 22 22 22 22 24 21 9 22 22 3 22 13 22 0 22 14 22
17 23 15 8 19 15 23 23 23 23 24 24 23 6 23 22 23 18 23 23 11 17 23 26 13 9 23 28 23 23 26 23 23 22 23 20 23 23 28 23 18 3 29 27 23 21 23 14 23 7 23 23 16 25 23 12 21 5 4 23 23 23 23 23 29 23 23 23 23 20 25 23 23 23 19 10 23 1 23 23 2 0
15 18 24 25 24 24 24 7 24 24 24 24 24 24 24 11 5 24 25 24 24 6 1 28 24 12 23 27 24 24 27 24 28 13 24 22 24 24 24 24 24 21 26 20 24 24 24 0 24 29 24 21 24 4 23 9 19 15 10 24 26 24 20 24 16 2 24 24 3 24 8 24 24 18 24 16 24 22 17 17 24 14
21 28 0 25 25 10 19 17 25 25 25 20 18 14 23 25 25 25 25 11 25 19 3 15 25 25 20 25 25 27 25 23 27 25 25 25 9 25 25 25 26 29 25 25 25 26 25 25 15 1 13 8 25 25 22 22 25 25 21 24 25 5 29 2 28 7 25 25 17 12 25 4 25 25 18 25 16 25 25 6 25 25
26 12 26 26 15 26 26 16 24 2 26 26 13 26 26 28 26 25 26 23 26 29 26 26 26 26 4 26 0 26 26 28 26 15 18 26 6 22 26 24 26 22 26 25 26 26 7 16 9 26 19 26 26 21 20 27 1 26 27 23 26 20 26 17 26 14 26 26 10 3 26 5 8 29 17 11 26 26 26 26 26 18
27 23 22 27 27 28 28 27 27 10 18 27 27 3 27 27 25 27 18 24 27 27 15 17 29 26 16 27 27 27 27 27 27 20 27 26 1 27 27 29 11 27 25 27 27 19 27 27 13 27 14 23 27 2 27 27 4 21 27 21 12 0 27 24 7 27 27 16 27 27 19 17 5 22 27 8 27 27 27 27 6 9
28 28 16 17 28 28 28 23 28 28 28 28 22 21 27 28 29 27 28 5 28 20 28 28 28 11 22 28 17 28 20 28 28 6 28 28 28 25 28 21 15 16 28 28 24 15 25 28 24 26 28 26 12 28 14 28 28 2 19 28 28 28 28 29 28 19 28 18 28 28 28 0 4 28 1 7 28 3 8 9 10 13
29 15 18 29 25 29 29 29 25 29 20 27 27 0 20 6 29 8 23 29 1 29 29 2 29 29 29 7 3 26 29 24 19 29 29 14 29 29 29 29 21 29 29 29 29 29 24 28 19 29 29 29 26 29 16 29 9 17 11 4 10 12 29 29 29 15 16 13 18 5 28 21 22 29 29 29 29 29 23 29 29 29
