0 0 -1 0 0 -1 0 -1 0 -1 11 0 -1 -1 0 3 -1 13 -1 -1 20 0 -1 -1 0 0 -1 -1 11 2 -1 -1 2 0 -1 0 0 -1 0 -1 0 -1 -1 0 0 -1 -1 -1 0 4 -1 0 8 -1 8 5 -1 6 -1 0 0 -1 0 -1 0 0 -1 -1 0 4 -1 -1 19 27 -1 17 -1 16 7 -1 -1 -1 -1 0 12 -1 24 -1 15 18 -1 0 0 -1 0 -1 0 7 -1 -1 3 -1 -1 -1 -1 0 -1 0 9 -1 -1 -1 5 26 -1 21 22 -1 6 -1 1 -1 -1 1 29 -1 -1 -1 23 -1 -1 -1 28 -1 25 -1 14 12 -1 14 10 -1 -1 -1 10 -1 -1 -1 0 0 -1 -1 0 -1 -1 0 0 -1 0 -1 0 0 -1 
-1 1 24 -1 21 15 -1 -1 13 13 -1 10 -1 1 1 -1 -1 1 -1 1 -1 1 5 -1 -1 8 4 -1 28 19 -1 -1 9 1 -1 1 -1 1 1 -1 -1 1 -1 1 7 -1 -1 -1 20 22 -1 -1 12 -1 1 -1 1 -1 -1 -1 1 -1 1 -1 1 1 -1 1 1 -1 1 -1 1 -1 2 -1 6 -1 -1 6 -1 5 -1 16 -1 -1 18 -1 23 12 -1 1 1 -1 0 1 -1 11 -1 29 26 -1 1 -1 -1 1 -1 1 -1 -1 1 -1 2 10 -1 14 11 -1 4 -1 1 1 -1 1 1 -1 -1 -1 -1 9 -1 27 25 -1 17 -1 7 1 -1 3 3 -1 -1 -1 -1 1 -1 1 1 -1 -1 1 1 -1 -1 1 -1 -1 1 -1 -1 0 -1 
3 -1 -1 0 2 -1 12 -1 12 4 -1 8 -1 -1 5 2 -1 4 -1 8 13 -1 14 2 -1 2 2 -1 3 2 -1 -1 2 2 -1 28 27 -1 23 -1 22 24 -1 2 2 -1 2 -1 -1 2 -1 10 -1 -1 6 2 -1 9 -1 0 1 -1 2 -1 2 17 -1 19 25 -1 -1 29 16 -1 2 -1 2 -1 21 26 -1 9 -1 18 15 -1 -1 -1 -1 13 -1 2 2 -1 -1 -1 2 2 -1 2 -1 -1 2 -1 -1 11 -1 11 2 -1 -1 -1 2 2 -1 2 2 -1 -1 -1 2 2 -1 -1 2 -1 -1 -1 2 6 -1 5 20 -1 2 -1 -1 -1 -1 -1 2 -1 -1 -1 2 2 -1 -1 2 -1 2 -1 2 -1 -1 2 2 -1 1 -1 7 14 -1 
3 3 -1 3 3 -1 3 7 -1 22 -1 -1 18 1 -1 3 -1 11 10 -1 3 -1 3 -1 -1 3 2 -1 3 -1 -1 3 -1 6 -1 3 3 -1 3 -1 3 10 -1 4 3 -1 25 -1 27 3 -1 3 3 -1 -1 2 -1 3 -1 3 -1 -1 3 -1 -1 3 -1 3 3 -1 3 4 -1 -1 -1 5 9 -1 6 28 -1 29 -1 -1 23 -1 21 -1 8 3 -1 0 0 -1 3 -1 -1 3 -1 -1 3 -1 8 -1 26 19 -1 1 3 -1 3 -1 -1 -1 -1 11 17 -1 13 -1 20 13 -1 -1 24 -1 -1 15 -1 16 -1 9 7 -1 3 -1 3 3 -1 3 3 -1 -1 -1 -1 3 -1 3 12 -1 -1 -1 14 14 -1 -1 -1 -1 3 -1 -1 3 -1 
-1 4 -1 7 7 -1 14 4 -1 4 -1 4 12 -1 4 -1 4 4 -1 1 3 -1 3 2 -1 2 4 -1 5 9 -1 -1 -1 19 4 -1 8 -1 4 -1 4 1 -1 4 0 -1 4 4 -1 4 -1 -1 4 -1 4 -1 -1 4 -1 -1 4 -1 -1 -1 4 4 -1 4 -1 4 -1 4 -1 29 -1 4 -1 4 4 -1 12 24 -1 20 10 -1 -1 -1 10 4 -1 4 4 -1 -1 -1 -1 4 4 -1 -1 -1 9 -1 18 13 -1 -1 23 -1 22 15 -1 21 17 -1 16 -1 4 -1 4 28 -1 5 -1 -1 -1 6 -1 8 -1 -1 13 -1 11 -1 4 4 -1 4 -1 -1 -1 -1 4 4 -1 -1 4 -1 -1 -1 0 -1 -1 14 25 -1 26 -1 27 4 -1 
5 4 -1 14 12 -1 13 5 -1 29 25 -1 5 -1 5 5 -1 -1 -1 -1 5 -1 5 5 -1 5 -1 5 5 -1 5 -1 5 5 -1 5 9 -1 1 -1 0 11 -1 11 2 -1 21 5 -1 -1 15 -1 5 5 -1 5 -1 5 -1 -1 5 -1 8 -1 8 1 -1 -1 0 -1 -1 -1 7 7 -1 5 5 -1 10 -1 5 5 -1 5 18 -1 23 -1 20 6 -1 5 5 -1 17 -1 6 3 -1 2 13 -1 10 -1 -1 5 -1 -1 -1 -1 5 -1 5 -1 -1 5 -1 -1 16 -1 5 5 -1 5 5 -1 5 -1 -1 -1 -1 5 5 -1 -1 -1 -1 3 -1 12 24 -1 -1 -1 -1 22 -1 26 -1 27 19 -1 -1 -1 -1 28 9 -1 -1 -1 -1 5 5 
10 12 -1 6 0 -1 6 -1 8 6 -1 6 14 -1 -1 -1 -1 14 -1 6 6 -1 6 19 -1 6 -1 -1 6 -1 6 6 -1 6 21 -1 -1 -1 15 -1 25 26 -1 27 16 -1 -1 4 -1 7 -1 6 6 -1 6 -1 6 6 -1 6 9 -1 17 18 -1 6 13 -1 -1 -1 3 -1 1 12 -1 6 6 -1 6 6 -1 6 -1 6 20 -1 13 -1 6 6 -1 6 6 -1 6 -1 6 6 -1 11 -1 -1 1 -1 -1 -1 -1 -1 11 -1 -1 -1 6 6 -1 -1 -1 -1 6 -1 -1 6 -1 6 5 -1 5 6 -1 6 -1 8 24 -1 -1 -1 22 29 -1 7 2 -1 -1 -1 2 3 -1 -1 4 -1 -1 -1 9 -1 -1 6 6 -1 23 -1 -1 28 -1 
7 -1 -1 7 7 -1 8 7 -1 7 14 -1 21 -1 -1 -1 -1 24 28 -1 -1 25 22 -1 23 0 -1 7 7 -1 -1 -1 -1 7 -1 7 7 -1 7 -1 7 -1 -1 -1 7 7 -1 -1 7 7 -1 -1 4 -1 -1 -1 7 -1 -1 7 4 -1 0 -1 -1 -1 -1 -1 1 -1 11 -1 7 7 -1 6 5 -1 7 -1 7 6 -1 10 7 -1 8 7 -1 7 -1 7 15 -1 7 -1 7 7 -1 12 12 -1 13 -1 10 7 -1 7 3 -1 3 -1 11 -1 -1 -1 2 -1 -1 -1 2 5 -1 9 9 -1 18 -1 27 19 -1 26 7 -1 -1 -1 7 7 -1 7 7 -1 29 -1 -1 17 -1 -1 16 -1 14 -1 20 7 -1 7 7 -1 -1 -1 7 7 -1 
-1 8 21 -1 10 -1 8 -1 8 8 -1 8 13 -1 -1 14 -1 1 -1 8 -1 -1 8 -1 -1 8 8 -1 -1 8 5 -1 8 -1 -1 9 8 -1 -1 -1 -1 8 -1 -1 8 -1 8 -1 8 8 -1 8 8 -1 8 8 -1 8 -1 8 -1 -1 8 -1 8 8 -1 8 8 -1 -1 -1 -1 8 8 -1 8 4 -1 -1 5 8 -1 8 -1 -1 8 -1 8 4 -1 6 -1 15 19 -1 8 8 -1 -1 -1 -1 8 -1 -1 0 -1 0 8 -1 1 -1 -1 -1 -1 2 20 -1 22 -1 13 6 -1 24 27 -1 26 -1 18 8 -1 8 11 -1 3 -1 3 -1 -1 17 25 -1 -1 -1 28 29 -1 23 14 -1 12 -1 12 10 -1 7 7 -1 9 -1 16 -1 -1 
5 8 -1 6 9 -1 -1 5 -1 7 -1 0 29 -1 0 -1 -1 9 24 -1 25 -1 -1 -1 26 13 -1 9 -1 9 17 -1 9 9 -1 9 9 -1 7 -1 14 14 -1 10 -1 -1 13 -1 10 12 -1 9 3 -1 1 -1 9 9 -1 9 9 -1 9 -1 -1 6 -1 11 11 -1 9 -1 -1 9 9 -1 9 -1 -1 -1 -1 9 -1 -1 9 9 -1 -1 9 -1 -1 -1 9 9 -1 -1 -1 8 -1 23 22 -1 9 9 -1 -1 -1 9 9 -1 9 -1 -1 19 -1 27 28 -1 -1 -1 21 20 -1 9 9 -1 -1 -1 9 9 -1 9 18 -1 -1 -1 -1 4 -1 9 9 -1 9 -1 -1 4 -1 1 2 -1 2 -1 9 9 -1 -1 9 -1 9 -1 15 16 -1 
10 -1 -1 -1 10 10 -1 10 -1 10 -1 10 10 -1 10 13 -1 10 10 -1 -1 -1 10 28 -1 19 -1 7 6 -1 6 -1 -1 5 -1 7 10 -1 10 -1 10 10 -1 10 10 -1 -1 -1 10 10 -1 10 10 -1 -1 8 -1 16 23 -1 12 -1 10 -1 10 -1 -1 4 8 -1 21 -1 -1 22 9 -1 10 -1 10 -1 10 12 -1 10 10 -1 -1 -1 10 -1 -1 10 10 -1 11 1 -1 2 4 -1 11 -1 10 -1 10 -1 -1 10 -1 -1 -1 10 -1 10 -1 -1 10 -1 -1 -1 5 -1 -1 18 26 -1 17 -1 25 27 -1 29 14 -1 20 -1 13 14 -1 10 10 -1 -1 -1 10 -1 -1 -1 24 -1 15 -1 -1 10 -1 1 2 -1 0 -1 0 3 -1 
11 -1 11 -1 9 -1 11 16 -1 8 11 -1 5 -1 24 -1 4 11 -1 -1 11 1 -1 -1 0 3 -1 -1 11 11 -1 -1 -1 11 11 -1 -1 -1 10 -1 10 11 -1 11 11 -1 -1 11 -1 11 -1 6 -1 5 21 -1 6 11 -1 -1 11 -1 11 -1 11 -1 -1 11 11 -1 11 -1 11 11 -1 11 8 -1 4 -1 7 13 -1 12 -1 -1 -1 11 -1 3 -1 1 2 -1 11 -1 -1 11 -1 11 11 -1 2 -1 -1 11 -1 11 11 -1 -1 -1 11 -1 -1 11 11 -1 20 -1 14 12 -1 29 23 -1 25 -1 11 -1 -1 -1 11 -1 11 22 -1 -1 -1 13 9 -1 18 -1 15 27 -1 19 28 -1 26 -1 -1 -1 -1 17 14 -1 11 -1 11 -1 -1 
-1 12 -1 -1 12 -1 12 -1 12 12 -1 12 12 -1 -1 12 -1 12 -1 14 11 -1 8 16 -1 5 13 -1 13 -1 19 -1 -1 29 -1 22 12 -1 4 -1 4 -1 12 -1 12 -1 12 -1 -1 12 -1 12 12 -1 -1 -1 12 12 -1 12 12 -1 12 -1 0 3 -1 1 12 -1 -1 -1 -1 12 -1 12 12 -1 -1 -1 12 12 -1 12 12 -1 -1 -1 -1 12 24 -1 23 9 -1 -1 8 6 -1 12 12 -1 25 17 -1 7 -1 21 12 -1 12 10 -1 -1 -1 -1 10 -1 -1 -1 -1 12 -1 14 2 -1 -1 -1 2 20 -1 28 27 -1 -1 -1 18 12 -1 12 7 -1 9 -1 -1 15 -1 12 12 -1 12 -1 12 -1 -1 6 0 -1 3 -1 11 26 -1 
26 17 -1 13 18 -1 13 -1 13 13 -1 13 13 -1 4 13 -1 13 13 -1 13 13 -1 -1 -1 13 13 -1 13 8 -1 -1 8 9 -1 3 3 -1 0 -1 7 13 -1 1 11 -1 13 -1 -1 27 -1 9 5 -1 -1 -1 7 21 -1 13 13 -1 13 -1 -1 -1 13 13 -1 -1 13 -1 13 -1 -1 12 12 -1 -1 13 -1 13 -1 -1 13 -1 13 -1 -1 13 -1 10 10 -1 16 29 -1 24 -1 20 13 -1 13 -1 -1 13 -1 13 -1 -1 5 -1 6 14 -1 -1 14 -1 13 -1 13 13 -1 25 19 -1 -1 -1 28 -1 -1 22 13 -1 -1 -1 13 13 -1 13 15 -1 -1 -1 23 -1 -1 -1 13 0 -1 1 2 -1 -1 2 -1 -1 11 -1 13 -1 -1 
0 3 -1 14 14 -1 14 -1 -1 14 14 -1 14 14 -1 14 -1 14 -1 14 14 -1 14 -1 -1 14 -1 -1 23 24 -1 3 -1 1 4 -1 10 1 -1 -1 14 14 -1 14 12 -1 12 11 -1 11 -1 8 20 -1 4 21 -1 22 -1 6 0 -1 14 -1 -1 14 -1 -1 14 -1 13 -1 13 9 -1 26 27 -1 25 -1 -1 28 -1 5 7 -1 -1 16 -1 7 -1 2 6 -1 29 -1 19 18 -1 -1 17 -1 -1 9 -1 5 -1 10 14 -1 14 -1 -1 14 -1 14 14 -1 14 -1 14 -1 -1 14 14 -1 -1 -1 -1 14 -1 -1 14 -1 -1 -1 14 14 -1 14 -1 -1 15 -1 -1 -1 -1 -1 14 -1 14 -1 14 14 -1 14 14 -1 -1 -1 -1 14 14 
20 15 -1 -1 15 15 -1 -1 -1 15 -1 19 19 -1 -1 -1 -1 27 -1 27 28 -1 -1 -1 28 15 -1 15 15 -1 15 21 -1 0 16 -1 16 -1 15 15 -1 -1 -1 15 15 -1 -1 -1 -1 15 15 -1 15 20 -1 -1 12 11 -1 3 21 -1 1 -1 10 15 -1 17 -1 25 29 -1 17 -1 -1 18 18 -1 -1 24 -1 22 -1 8 15 -1 15 -1 15 15 -1 -1 15 15 -1 -1 -1 15 -1 -1 -1 -1 15 -1 15 23 -1 7 2 -1 9 15 -1 6 -1 5 15 -1 15 -1 15 26 -1 22 14 -1 24 15 -1 15 -1 -1 29 -1 15 -1 15 13 -1 4 15 -1 15 -1 15 15 -1 -1 -1 -1 15 -1 26 -1 -1 15 15 -1 -1 -1 15 -1 -1 
16 16 -1 16 -1 -1 -1 16 16 -1 -1 4 10 -1 1 12 -1 -1 13 -1 6 -1 20 16 -1 -1 -1 5 16 -1 23 -1 -1 16 16 -1 16 -1 -1 16 16 -1 16 -1 16 -1 -1 -1 7 8 -1 27 16 -1 16 -1 16 16 -1 -1 18 -1 11 -1 2 0 -1 3 14 -1 -1 21 16 -1 -1 -1 16 16 -1 -1 -1 -1 -1 16 16 -1 16 16 -1 17 -1 19 16 -1 16 -1 16 16 -1 -1 18 -1 23 -1 22 25 -1 26 -1 -1 -1 25 -1 29 -1 29 16 -1 16 -1 16 17 -1 28 28 -1 16 -1 16 16 -1 24 22 -1 -1 -1 15 -1 16 9 -1 -1 -1 -1 21 -1 -1 -1 16 -1 16 -1 27 19 -1 24 15 -1 16 -1 16 16 -1 
-1 17 11 -1 20 21 -1 21 -1 15 17 -1 24 14 -1 2 -1 10 -1 6 29 -1 26 -1 -1 20 29 -1 17 -1 17 -1 17 17 -1 5 7 -1 3 16 -1 13 22 -1 8 -1 4 -1 22 -1 -1 -1 15 -1 18 -1 18 17 -1 -1 17 -1 17 17 -1 17 -1 17 26 -1 19 -1 17 17 -1 17 28 -1 -1 17 -1 23 -1 23 16 -1 17 -1 17 17 -1 17 -1 -1 17 -1 25 25 -1 -1 17 -1 -1 17 17 -1 -1 17 -1 -1 -1 -1 -1 17 17 -1 17 -1 27 -1 27 17 -1 17 17 -1 17 17 -1 17 -1 -1 -1 -1 17 -1 17 17 -1 17 -1 -1 -1 17 -1 17 -1 12 0 -1 -1 -1 1 9 -1 17 -1 -1 -1 -1 -1 19 -1 
18 18 -1 -1 18 -1 24 29 -1 18 -1 18 18 -1 27 -1 -1 28 21 -1 14 -1 18 22 -1 23 8 -1 16 11 -1 -1 5 2 -1 1 12 -1 -1 -1 3 -1 16 -1 10 18 -1 -1 -1 23 18 -1 -1 -1 18 -1 18 18 -1 18 18 -1 -1 18 18 -1 -1 18 19 -1 26 -1 28 19 -1 18 18 -1 18 -1 25 26 -1 18 18 -1 18 -1 18 18 -1 4 9 -1 25 -1 18 18 -1 -1 18 -1 18 -1 18 -1 18 17 -1 -1 -1 -1 -1 17 -1 20 15 -1 15 -1 18 18 -1 18 -1 -1 18 -1 18 -1 -1 -1 18 -1 -1 -1 18 20 -1 24 29 -1 18 -1 -1 -1 -1 -1 18 -1 -1 -1 18 7 -1 0 6 -1 -1 -1 13 21 -1 
11 1 -1 -1 23 24 -1 20 24 -1 -1 19 19 -1 29 -1 -1 12 -1 20 21 -1 18 19 -1 19 -1 -1 -1 19 19 -1 -1 19 -1 19 19 -1 19 15 -1 23 -1 2 3 -1 -1 -1 0 10 -1 -1 19 -1 19 -1 19 17 -1 -1 19 -1 -1 -1 19 19 -1 19 19 -1 19 -1 19 19 -1 27 26 -1 26 13 -1 8 -1 6 -1 9 19 -1 -1 19 -1 19 19 -1 19 -1 19 -1 -1 27 -1 -1 28 -1 28 19 -1 -1 22 -1 14 -1 22 19 -1 -1 25 -1 25 -1 15 18 -1 17 19 -1 16 -1 -1 19 -1 -1 5 -1 -1 -1 -1 7 16 -1 -1 -1 -1 -1 4 19 -1 19 19 -1 19 -1 19 19 -1 19 19 -1 -1 -1 19 19 -1 
20 20 -1 -1 20 -1 -1 20 -1 20 20 -1 25 -1 -1 27 26 -1 -1 20 20 -1 20 -1 -1 20 -1 20 20 -1 -1 -1 -1 20 -1 20 22 -1 29 28 -1 28 -1 14 20 -1 20 -1 20 20 -1 -1 20 20 -1 22 -1 12 -1 13 20 -1 -1 -1 -1 20 20 -1 29 -1 -1 -1 25 -1 8 -1 2 -1 -1 -1 10 20 -1 20 20 -1 15 -1 20 23 -1 7 4 -1 3 -1 0 20 -1 20 20 -1 18 -1 17 -1 -1 9 21 -1 -1 -1 21 23 -1 20 20 -1 20 -1 20 20 -1 6 1 -1 -1 -1 11 20 -1 20 20 -1 20 -1 -1 20 -1 -1 -1 -1 24 -1 27 19 -1 -1 18 -1 16 -1 20 24 -1 15 -1 -1 16 -1 19 5 -1 
21 -1 21 -1 21 21 -1 21 -1 6 -1 -1 21 -1 10 -1 -1 9 21 -1 21 13 -1 5 -1 15 -1 21 -1 -1 21 21 -1 -1 21 -1 19 -1 19 -1 16 8 -1 0 -1 7 21 -1 21 -1 21 -1 27 -1 21 21 -1 21 21 -1 21 -1 12 -1 -1 14 20 -1 21 -1 21 21 -1 11 -1 4 16 -1 21 22 -1 20 -1 24 24 -1 21 21 -1 21 -1 23 -1 -1 23 -1 18 26 -1 28 28 -1 15 -1 -1 -1 -1 21 21 -1 -1 -1 21 21 -1 21 -1 -1 21 -1 21 27 -1 -1 17 -1 29 -1 22 17 -1 25 26 -1 29 -1 -1 21 -1 -1 21 -1 -1 -1 21 2 -1 3 1 -1 21 -1 21 -1 -1 -1 -1 -1 21 -1 -1 21 -1 
16 18 -1 22 14 -1 3 -1 0 22 -1 18 27 -1 -1 -1 25 26 -1 -1 26 -1 22 22 -1 6 -1 9 17 -1 15 23 -1 22 -1 22 22 -1 -1 -1 22 -1 22 -1 22 22 -1 -1 22 22 -1 -1 22 -1 22 22 -1 22 21 -1 20 -1 13 -1 -1 4 -1 8 12 -1 -1 -1 -1 22 -1 11 10 -1 24 22 -1 22 -1 29 27 -1 19 -1 17 19 -1 -1 5 -1 7 -1 2 20 -1 24 22 -1 -1 -1 22 22 -1 22 22 -1 22 -1 22 22 -1 22 22 -1 22 -1 16 1 -1 22 -1 -1 -1 -1 22 22 -1 22 22 -1 -1 22 22 -1 -1 -1 21 -1 23 -1 -1 22 -1 -1 -1 -1 29 -1 28 25 -1 22 -1 -1 -1 -1 22 -1 -1 
24 23 -1 23 23 -1 23 -1 -1 12 17 -1 26 -1 -1 -1 -1 29 -1 29 5 -1 6 -1 23 23 -1 -1 23 -1 23 23 -1 7 11 -1 0 -1 23 23 -1 23 -1 15 15 -1 20 -1 23 23 -1 -1 -1 23 -1 -1 -1 23 23 -1 17 -1 -1 -1 19 19 -1 18 3 -1 9 -1 -1 8 -1 28 25 -1 28 27 -1 23 -1 23 23 -1 23 -1 23 23 -1 23 23 -1 23 -1 -1 16 -1 23 23 -1 23 26 -1 23 -1 23 23 -1 -1 -1 -1 23 -1 23 23 -1 -1 -1 18 25 -1 -1 23 -1 -1 -1 23 14 -1 20 -1 -1 2 -1 4 1 -1 10 -1 -1 23 -1 23 -1 -1 23 13 -1 21 -1 21 -1 -1 22 24 -1 23 -1 22 -1 -1 
24 -1 24 -1 -1 24 24 -1 24 14 -1 13 24 -1 24 -1 -1 24 24 -1 -1 0 10 -1 -1 -1 -1 -1 7 24 -1 24 -1 20 -1 20 -1 -1 27 23 -1 24 12 -1 22 22 -1 -1 23 2 -1 3 6 -1 16 -1 16 8 -1 18 19 -1 -1 17 18 -1 -1 26 21 -1 1 -1 11 26 -1 25 29 -1 24 24 -1 24 -1 24 24 -1 24 -1 -1 24 24 -1 24 -1 -1 -1 24 24 -1 24 -1 -1 24 -1 24 24 -1 -1 24 -1 -1 -1 24 25 -1 -1 27 -1 28 -1 28 -1 -1 24 24 -1 24 -1 9 15 -1 24 24 -1 15 -1 -1 17 -1 24 24 -1 24 -1 -1 -1 -1 -1 24 -1 -1 -1 -1 24 -1 24 24 -1 21 -1 -1 4 5 
21 15 -1 16 2 -1 11 4 -1 10 25 -1 25 -1 26 -1 25 -1 -1 -1 25 25 -1 25 25 -1 -1 20 20 -1 -1 24 -1 22 29 -1 25 -1 -1 -1 25 29 -1 25 -1 18 25 -1 -1 15 21 -1 22 23 -1 -1 -1 23 -1 9 5 -1 3 -1 1 8 -1 -1 25 25 -1 -1 25 17 -1 25 25 -1 25 -1 25 25 -1 0 13 -1 -1 7 6 -1 -1 17 19 -1 25 -1 25 25 -1 26 -1 -1 25 -1 -1 25 18 -1 14 -1 12 25 -1 25 -1 -1 25 -1 25 -1 -1 25 -1 25 -1 -1 25 -1 25 -1 -1 25 25 -1 25 -1 -1 -1 -1 -1 25 -1 25 -1 -1 -1 -1 -1 25 -1 28 -1 19 25 -1 25 25 -1 27 -1 -1 27 28 
26 20 -1 13 3 -1 0 -1 16 18 -1 29 26 -1 26 -1 26 26 -1 -1 26 -1 26 -1 26 29 -1 15 15 -1 -1 6 -1 16 -1 19 28 -1 28 -1 27 26 -1 26 -1 -1 8 5 -1 20 -1 12 10 -1 22 -1 -1 18 -1 7 11 -1 2 -1 4 27 -1 26 26 -1 26 -1 -1 26 -1 26 26 -1 26 26 -1 26 -1 26 -1 -1 -1 -1 9 21 -1 -1 24 -1 -1 -1 24 26 -1 26 26 -1 -1 26 26 -1 -1 26 -1 -1 -1 -1 -1 26 -1 23 23 -1 14 -1 -1 26 -1 -1 26 -1 26 17 -1 22 -1 26 26 -1 26 -1 -1 -1 -1 -1 26 -1 26 17 -1 1 -1 26 25 -1 26 -1 26 26 -1 25 -1 -1 26 -1 -1 26 -1 
18 16 -1 22 -1 -1 -1 10 -1 20 -1 12 27 -1 27 27 -1 27 -1 27 -1 27 -1 -1 25 14 -1 21 29 -1 21 -1 -1 11 -1 0 27 -1 27 -1 27 -1 -1 27 27 -1 27 -1 27 27 -1 27 27 -1 19 -1 1 3 -1 -1 13 -1 9 -1 -1 27 28 -1 28 -1 -1 -1 -1 27 -1 27 27 -1 -1 27 -1 25 -1 26 27 -1 17 -1 18 15 -1 5 16 -1 6 -1 7 4 -1 27 23 -1 24 -1 24 22 -1 23 8 -1 -1 -1 -1 2 -1 27 27 -1 27 -1 27 27 -1 -1 27 -1 -1 -1 27 27 -1 27 27 -1 -1 -1 17 -1 -1 29 -1 -1 26 -1 27 27 -1 -1 19 27 -1 -1 27 -1 -1 -1 27 -1 27 -1 27 27 -1 
7 0 -1 3 -1 10 23 -1 -1 -1 20 6 -1 -1 -1 5 -1 28 28 -1 28 27 -1 28 28 -1 -1 -1 28 29 -1 -1 17 17 -1 28 28 -1 28 28 -1 28 -1 25 20 -1 2 -1 21 -1 18 -1 19 -1 -1 -1 19 4 -1 8 -1 -1 14 -1 -1 15 28 -1 28 -1 -1 -1 28 -1 -1 28 28 -1 28 28 -1 28 -1 -1 9 -1 16 11 -1 -1 -1 -1 1 -1 -1 -1 16 15 -1 28 28 -1 28 -1 28 24 -1 13 12 -1 29 -1 24 22 -1 22 28 -1 28 -1 28 28 -1 28 28 -1 -1 -1 28 28 -1 28 28 -1 26 -1 -1 21 -1 -1 26 -1 25 -1 28 -1 -1 -1 28 -1 28 -1 28 -1 -1 28 27 -1 28 -1 -1 28 28 
-1 23 -1 23 15 -1 6 29 -1 29 -1 29 29 -1 29 -1 -1 29 -1 29 29 -1 -1 25 -1 29 29 -1 29 29 -1 -1 -1 29 29 -1 25 -1 29 -1 -1 29 -1 26 27 -1 27 -1 8 3 -1 0 16 -1 -1 -1 9 5 -1 12 -1 -1 10 -1 11 20 -1 13 29 -1 29 29 -1 29 -1 -1 29 -1 18 17 -1 29 -1 29 -1 -1 -1 21 -1 24 -1 -1 -1 -1 29 29 -1 -1 -1 29 20 -1 -1 -1 15 1 -1 22 24 -1 29 -1 -1 29 -1 29 -1 -1 21 -1 4 2 -1 29 29 -1 29 -1 16 28 -1 29 29 -1 29 -1 -1 29 -1 29 29 -1 29 -1 -1 29 -1 -1 -1 -1 29 -1 18 26 -1 19 19 -1 28 -1 -1 7 14 
