0 0 0 0 0 0 0 0 0 25 24 20 0 0 2 11 2 0 0 0 0 3 0 0 0 0 7 8 4 6 0 0 0 0 0 0 19 27 8 4 6 16 0 12 15 0 0 0 0 7 17 3 0 0 0 9 5 26 21 5 1 0 1 29 23 13 11 28 14 12 22 10 10 14 18 0 0 0 0 0 0 0 
1 1 1 21 13 13 10 1 1 1 1 1 24 8 19 28 9 1 1 4 1 1 1 7 20 22 18 12 1 1 1 1 1 1 1 1 1 1 1 6 17 5 16 5 23 12 1 1 15 11 29 26 0 1 1 1 2 10 14 11 1 1 1 1 6 9 27 25 7 1 3 4 1 1 1 1 1 2 1 1 3 0 
12 6 5 2 12 4 2 0 2 4 8 13 3 2 2 3 2 2 28 27 22 24 2 2 2 2 2 23 8 9 0 1 2 17 19 25 16 1 2 2 2 9 18 29 14 13 2 2 2 2 2 15 21 11 11 2 2 2 2 2 2 2 2 2 2 6 5 20 2 2 26 2 2 2 10 2 2 2 2 2 7 14 
1 3 3 3 3 3 25 18 21 11 3 3 3 3 3 3 7 6 3 3 3 3 3 3 27 3 3 3 3 3 3 3 3 3 3 4 8 13 10 9 2 29 28 23 8 3 0 0 3 3 22 3 26 19 4 3 10 3 11 6 20 13 2 24 5 16 15 7 3 3 3 17 1 3 3 12 14 14 9 3 3 3 
4 4 7 7 4 4 4 12 4 4 1 3 4 2 3 5 20 19 4 4 4 1 11 2 14 0 4 4 4 4 4 4 4 4 4 4 9 29 4 4 9 24 8 10 10 4 4 4 4 4 4 4 18 26 4 23 12 21 13 16 4 4 5 22 15 8 17 13 4 4 4 4 4 4 28 4 0 6 14 25 27 4 
8 21 5 12 14 29 5 5 5 5 5 5 4 5 5 5 5 5 16 5 0 11 13 5 25 5 19 5 5 5 9 5 8 10 1 0 7 7 2 5 5 5 5 5 20 6 5 5 6 3 2 13 23 5 1 17 5 5 5 5 5 5 5 5 5 5 5 5 11 3 12 24 18 22 26 15 10 27 28 9 5 5 
6 6 6 0 8 6 6 14 10 14 6 6 6 6 6 6 15 6 6 5 25 26 27 16 12 7 6 6 6 6 1 9 3 6 17 13 1 12 6 6 6 6 6 20 6 6 6 6 6 6 4 23 11 18 19 11 6 6 6 6 6 6 6 5 6 6 8 24 22 29 7 2 2 3 13 4 9 6 6 6 21 28 
22 0 7 7 7 7 13 21 14 24 3 8 23 0 11 7 7 7 7 7 7 7 8 7 7 7 7 4 7 7 7 4 7 18 28 1 7 7 6 5 7 6 10 7 19 7 7 15 7 7 12 12 10 7 7 3 11 7 25 2 2 14 9 9 27 5 7 7 7 7 7 7 26 17 29 16 20 7 7 7 7 7 
8 8 1 10 8 8 5 13 12 1 8 8 8 8 8 9 8 21 9 22 8 8 8 8 8 8 8 8 8 8 8 8 8 8 8 8 8 8 8 8 5 8 8 8 8 4 6 17 8 8 8 4 8 0 0 8 14 3 2 20 13 6 24 27 18 8 8 11 3 26 19 25 28 29 23 14 12 10 7 7 16 15 
6 8 0 9 9 7 0 1 2 9 5 25 26 13 9 9 9 9 9 24 14 14 10 5 10 12 29 3 9 9 9 9 13 6 11 11 9 9 17 9 9 9 9 9 9 9 9 9 9 8 23 22 9 9 9 9 9 19 27 28 21 20 9 9 9 9 7 18 9 4 9 9 9 4 1 2 9 9 9 9 15 16 
21 15 10 10 10 10 10 10 10 10 10 10 8 19 28 6 13 5 7 10 10 7 10 10 10 10 10 10 20 16 17 12 10 10 4 8 23 22 10 10 10 12 10 10 10 0 10 10 9 2 11 11 10 10 10 1 10 10 6 10 5 4 18 26 25 27 29 14 13 14 10 10 10 10 10 24 10 10 1 2 0 3 
11 11 21 9 11 8 11 5 4 11 10 11 0 3 11 11 11 11 25 20 10 11 11 11 11 11 6 18 6 11 11 11 11 1 11 11 11 11 11 8 7 13 12 26 16 3 1 2 4 11 11 11 11 11 11 11 11 5 11 11 14 12 29 23 11 11 11 11 11 2 13 9 15 27 19 22 24 28 17 14 11 11 
12 4 3 12 12 12 12 12 12 12 14 11 12 5 8 13 12 29 22 12 4 16 1 12 12 12 12 12 12 12 12 12 0 3 12 12 12 12 12 12 13 12 12 12 12 12 9 23 8 6 12 12 9 7 21 12 12 24 19 10 25 12 14 2 2 20 28 27 18 12 12 7 17 10 12 12 12 15 6 0 11 26 
4 17 26 18 13 13 13 13 0 5 13 13 13 13 13 13 13 9 3 3 7 13 13 11 11 27 8 5 7 1 13 13 13 13 13 13 13 13 12 12 13 13 9 13 13 13 10 10 29 24 20 13 8 21 13 16 6 14 13 14 13 13 25 19 28 13 13 13 13 13 13 15 23 13 13 13 2 0 2 1 13 22 
0 3 6 14 14 14 12 14 14 14 14 14 14 14 13 23 29 1 4 10 14 14 24 12 14 11 4 20 3 22 11 8 21 14 0 15 13 9 1 27 26 28 5 7 14 7 2 6 19 18 16 17 25 5 10 14 14 14 14 14 14 14 14 14 14 14 14 14 14 14 14 14 9 14 14 14 14 14 14 14 14 14 
15 15 15 15 20 15 19 19 29 27 27 28 28 15 15 15 15 0 21 16 1 15 15 15 15 15 16 15 12 11 3 21 10 15 15 15 17 25 18 18 24 22 20 15 15 15 24 15 15 15 8 15 15 9 7 2 17 6 5 15 15 26 22 14 15 15 15 29 15 13 4 15 15 23 15 15 26 15 15 15 15 15 
11 1 16 16 16 16 4 10 27 20 21 6 12 24 5 16 16 16 16 16 16 16 16 16 7 8 16 16 16 16 16 18 2 0 3 23 16 16 16 16 16 16 16 16 16 17 19 16 16 16 16 18 22 25 26 16 23 29 29 16 16 17 28 28 16 16 16 22 15 25 9 16 21 13 14 16 27 19 24 15 16 16 
17 17 18 20 4 15 11 24 5 10 6 27 14 20 21 17 17 17 29 7 29 13 3 8 22 21 2 15 18 19 17 17 17 17 17 26 17 16 17 28 17 23 23 16 17 17 17 17 25 25 17 17 17 22 17 17 17 17 17 17 27 17 17 17 26 17 17 17 17 17 17 17 17 17 12 0 1 9 17 17 17 19 
18 18 18 18 18 18 18 18 24 28 18 14 21 23 29 16 5 2 1 12 3 27 22 10 15 23 18 18 18 18 18 18 18 18 18 19 28 19 18 18 25 26 18 8 18 18 4 9 18 18 18 18 18 18 17 26 18 17 20 15 18 18 18 25 18 11 16 18 18 20 24 29 18 18 18 18 18 7 0 6 13 21 
29 27 24 23 11 16 19 19 1 12 20 21 20 19 19 19 19 19 19 19 24 23 2 3 0 10 19 19 19 19 18 19 19 19 19 19 19 19 19 26 28 8 6 15 19 19 19 19 19 26 27 25 28 19 19 22 22 19 19 25 15 18 17 19 14 17 13 5 9 7 19 16 4 19 19 19 19 19 19 19 19 19 
24 18 15 20 20 20 20 25 26 20 20 20 20 20 20 20 20 20 20 20 8 28 16 20 20 20 22 20 20 12 13 20 20 20 27 29 25 28 16 2 10 20 20 20 20 20 7 4 0 20 20 29 17 23 9 21 21 23 20 20 20 20 6 1 11 20 20 20 20 20 20 14 27 19 22 18 20 24 15 3 19 5 
21 21 21 21 21 6 21 21 21 9 21 21 21 15 21 19 21 21 21 19 16 8 0 21 21 21 10 27 21 7 21 21 21 14 15 21 12 11 4 16 21 20 24 24 13 21 23 29 18 29 28 28 21 21 21 21 21 21 21 21 21 5 26 17 22 21 25 17 26 21 20 21 21 2 3 1 21 23 27 22 21 21 
22 24 22 14 0 3 18 27 25 26 18 26 13 6 9 17 19 22 22 22 22 15 22 22 22 22 22 22 23 22 16 20 7 4 8 12 29 22 11 10 23 22 29 27 17 19 22 5 2 20 22 22 22 22 22 22 22 22 22 21 16 1 22 22 22 22 22 22 22 22 22 21 24 22 22 22 28 25 22 22 22 22 
17 23 23 23 9 12 2 26 28 29 29 5 23 23 24 23 21 7 6 0 23 23 15 15 23 23 23 23 23 23 23 17 19 19 18 23 23 8 28 25 23 23 23 23 23 20 23 23 3 16 23 23 23 23 23 23 23 23 23 23 18 25 27 23 23 14 20 26 4 1 10 23 23 23 23 13 21 23 22 24 22 11 
24 24 24 24 10 14 21 24 24 24 24 1 24 24 24 7 16 20 20 24 24 24 24 22 23 2 3 6 16 8 23 19 18 13 26 21 11 26 25 29 24 24 24 24 12 24 24 24 24 24 18 27 24 24 24 24 24 24 17 27 28 0 24 24 9 15 22 24 25 17 24 24 24 28 15 24 24 24 24 24 5 4 
15 26 16 2 3 10 25 25 25 25 25 25 25 28 20 20 11 22 25 25 25 29 29 21 25 15 23 22 21 23 4 5 1 8 12 25 25 25 25 25 25 25 0 13 6 9 17 19 25 25 26 25 25 25 24 14 18 7 25 25 25 25 25 25 25 25 25 25 25 25 17 25 25 18 27 25 19 25 25 25 28 27 
26 26 26 3 16 18 20 26 26 26 13 26 26 29 15 15 8 16 19 28 27 26 28 0 2 20 12 10 5 18 7 11 4 27 26 26 26 26 26 26 26 26 26 26 9 21 22 24 24 26 26 26 26 26 26 26 29 26 23 23 6 26 26 26 26 22 14 26 26 26 26 26 26 1 26 25 26 26 25 17 17 26 
18 27 22 24 21 20 27 27 27 27 27 27 25 14 6 29 12 11 0 27 27 27 27 27 27 27 27 27 1 3 21 13 17 27 27 28 26 27 19 27 16 25 26 27 18 15 5 16 7 4 27 27 24 10 23 8 9 2 27 27 27 28 27 27 27 27 27 27 17 22 29 23 27 27 27 19 27 27 27 27 27 27 
26 11 10 16 7 0 6 28 28 28 25 28 28 28 28 28 17 17 28 28 23 28 28 20 21 5 27 19 19 4 8 3 20 15 28 28 28 28 28 28 28 28 28 9 29 18 29 1 16 15 28 28 28 24 13 12 24 22 22 28 28 28 28 28 28 25 28 28 2 21 14 26 28 28 28 28 28 28 28 27 28 28 
29 23 23 15 18 29 27 28 29 29 29 10 6 29 29 29 29 29 29 25 29 29 29 27 8 3 29 16 9 5 12 0 11 20 13 29 29 29 26 29 21 29 29 29 29 24 29 29 29 29 29 29 15 1 22 24 29 29 29 17 4 2 29 29 16 21 29 29 20 29 29 29 25 29 29 28 18 26 19 19 14 7