Max iter = 100, limite sin mej = 10, Distancia -> 1.63083e+06
Max iter = 100, limite sin mej = 50, Distancia -> 1.64861e+06
Max iter = 200, limite sin mej = 10, Distancia -> 1.61514e+06
Max iter = 200, limite sin mej = 50, Distancia -> 1.56403e+06
Max iter = 400, limite sin mej = 10, Distancia -> 1.64335e+06
Max iter = 400, limite sin mej = 50, Distancia -> 1.6052e+06
Max iter = 800, limite sin mej = 10, Distancia -> 1.598e+06
Max iter = 800, limite sin mej = 50, Distancia -> 1.60854e+06
Max iter = 1000, limite sin mej = 10, Distancia -> 1.57748e+06
Max iter = 1000, limite sin mej = 50, Distancia -> 1.60789e+06
0 0 0 0 0 0 8 0 0 0 0 13 0 25 0 0 3 0 2 0 21 0 15 11 5 6 0 7 0 4 0 0 0 0 12 24 18 0 17 29 5 6 27 12 0 26 14 0 0 0 0 0 0 0 16 20 28 0 10 8 1 23 0 10 7 0 11 9 22 3 14 1 0 0 0 0 2 4 0 19 0 0 
1 1 1 11 13 2 1 1 5 1 3 1 1 1 19 0 1 0 1 1 1 1 23 24 7 1 15 18 9 1 12 10 1 11 1 22 9 1 29 20 1 1 1 13 12 1 1 28 1 14 1 1 1 1 5 1 25 2 1 1 1 4 8 3 1 1 27 10 1 1 26 1 21 16 7 4 6 17 1 6 1 1 
24 20 2 2 4 2 11 2 2 29 2 9 1 4 0 21 11 2 2 15 2 22 14 3 25 2 2 17 6 8 2 2 8 2 2 2 10 12 2 12 1 2 28 2 13 2 19 3 0 2 2 2 2 2 9 13 2 2 2 5 2 27 2 7 2 2 2 2 26 2 2 14 2 18 2 6 2 2 2 16 5 23 
3 9 27 0 3 3 3 3 4 23 3 21 14 3 3 3 3 20 3 0 17 3 3 3 4 26 3 3 3 14 9 3 3 6 6 13 3 3 22 24 10 2 3 3 11 3 16 3 18 3 3 19 3 5 29 3 7 3 1 10 2 13 11 3 3 3 15 7 1 3 3 3 3 28 8 3 3 3 12 8 3 25 
0 0 4 4 4 7 4 1 4 4 4 4 6 4 3 18 20 4 4 4 4 11 10 4 4 4 4 4 4 4 7 14 13 4 26 4 28 4 4 22 12 9 14 4 8 21 10 5 12 19 4 2 4 4 4 3 13 29 4 4 5 4 2 27 4 15 17 23 4 1 4 24 4 8 4 4 25 4 4 9 4 16 
28 7 5 5 29 25 5 9 5 1 8 5 27 13 5 23 5 10 18 5 5 6 20 4 5 12 0 19 7 5 13 5 15 0 8 21 26 14 2 5 5 5 16 5 5 11 1 5 5 5 5 9 5 5 5 5 5 5 5 5 5 6 12 5 3 3 2 17 5 11 22 5 5 5 5 24 5 5 10 5 5 5 
6 1 0 8 6 9 18 6 6 20 9 10 6 14 6 11 6 6 6 6 27 6 25 6 6 6 6 6 6 11 6 12 6 6 6 6 13 8 4 5 13 6 23 6 5 15 17 6 14 3 6 16 2 29 7 6 24 12 2 6 6 6 6 21 6 1 6 6 7 26 3 28 4 19 22 6 6 6 6 6 6 6 
6 7 7 7 7 7 12 3 15 7 7 14 7 24 11 7 7 2 3 12 7 27 19 7 7 4 13 7 7 7 7 8 7 2 22 7 29 28 7 9 7 11 10 7 14 25 7 7 21 23 16 1 0 7 7 8 7 5 26 6 9 7 0 7 7 7 7 7 7 7 17 7 7 10 7 7 7 20 18 5 4 7 
8 11 24 8 8 14 8 2 0 8 8 12 10 1 8 8 8 13 8 4 7 8 3 8 10 8 8 8 4 8 0 8 8 20 8 6 8 8 8 27 14 5 9 7 8 3 8 9 13 8 8 17 8 26 8 8 8 23 8 8 8 22 8 16 8 18 6 8 19 21 29 15 8 8 8 25 28 12 8 8 1 5 
9 9 2 9 7 9 9 9 9 28 9 9 9 9 22 12 9 21 1 9 9 10 9 26 11 11 9 29 9 9 9 3 27 9 13 20 9 23 9 9 9 9 9 5 25 19 9 9 1 13 10 9 8 4 9 9 18 9 14 17 9 24 9 15 8 9 7 9 9 14 4 16 2 9 9 9 5 6 6 9 0 0 
10 22 16 13 10 12 27 10 10 4 10 10 10 17 28 7 10 10 10 10 9 10 10 8 10 8 11 21 10 20 10 10 6 12 10 4 10 10 11 26 10 10 10 2 0 1 10 6 10 5 10 10 15 10 10 10 14 10 10 10 18 14 19 10 2 25 29 10 10 7 10 3 24 10 13 0 10 5 10 23 10 1 
11 11 11 11 8 26 11 10 2 11 16 4 28 3 11 11 11 14 25 10 4 11 11 11 11 11 11 6 11 11 18 17 3 11 11 12 19 11 11 23 7 11 11 14 11 11 9 0 5 11 11 13 11 2 13 12 8 11 15 11 29 20 11 11 1 11 11 6 11 11 27 11 22 11 5 9 11 11 1 24 21 11 
9 12 12 9 12 12 12 12 21 0 2 12 12 12 8 12 23 25 27 12 1 8 12 12 22 12 4 12 20 15 12 12 19 12 12 12 12 12 7 12 12 12 12 12 12 24 12 13 12 29 6 12 4 0 10 12 12 12 17 13 14 12 12 11 6 2 12 28 5 16 10 26 3 11 18 7 12 12 12 12 3 14 
27 12 1 13 13 13 13 13 13 13 4 13 0 13 14 8 10 13 10 5 5 29 21 13 6 13 13 8 0 7 13 2 13 13 13 13 13 1 20 19 13 12 3 13 13 14 13 13 13 13 11 13 17 13 13 13 13 3 13 13 25 13 9 18 13 28 13 13 11 13 16 22 23 9 13 15 13 2 24 13 26 7 
11 27 22 2 14 14 5 12 10 7 0 14 14 14 14 25 6 14 29 17 24 19 14 14 15 14 9 4 14 14 20 14 1 13 14 7 16 14 14 14 14 14 14 14 14 14 14 23 14 14 4 12 3 10 28 14 14 9 14 1 14 14 14 14 18 14 26 14 14 14 14 14 8 5 0 14 11 3 21 13 6 14 
15 15 11 24 15 15 9 27 15 19 25 15 12 27 15 29 7 15 6 15 15 1 15 28 15 15 15 16 15 15 17 20 15 18 10 26 24 15 8 14 17 15 21 15 15 15 15 26 15 0 18 15 15 13 22 28 29 15 15 15 15 16 21 15 15 15 15 2 4 22 23 15 5 20 15 15 3 15 15 15 15 19 
8 21 16 19 16 18 25 16 16 16 16 16 19 20 5 16 27 22 16 18 16 16 11 12 23 16 16 16 3 16 16 24 29 4 2 17 16 26 14 28 16 16 16 15 17 29 16 16 10 16 16 16 1 16 16 6 22 16 21 16 28 16 24 16 23 16 16 13 9 16 16 16 7 16 15 16 16 27 0 16 25 16 
17 17 19 25 15 17 17 6 18 16 17 5 9 17 17 20 8 27 28 17 17 17 22 14 26 17 29 17 17 17 17 17 24 29 27 17 12 4 17 21 17 1 17 17 17 18 17 17 17 17 22 17 17 17 23 17 21 16 17 17 17 7 20 26 17 17 17 17 25 13 17 19 0 23 17 3 10 17 2 15 17 11 
18 15 18 4 18 18 18 18 18 8 27 18 7 28 29 18 9 23 18 18 22 18 18 21 18 13 3 18 11 17 18 0 18 18 18 18 18 29 24 25 25 18 1 6 18 18 23 16 18 2 18 10 20 20 26 14 18 19 5 15 18 12 18 18 18 18 16 26 24 18 18 21 18 18 18 18 19 18 18 28 17 18 
10 26 19 19 16 19 3 19 6 19 29 1 19 12 19 28 19 15 19 25 2 19 19 20 18 23 24 19 17 28 19 19 19 25 19 18 19 11 27 19 22 19 26 19 19 19 19 19 15 19 0 19 27 7 8 19 5 19 4 19 17 21 19 19 19 14 13 22 19 23 20 19 19 19 9 16 19 19 19 19 24 19 
20 20 12 7 20 22 20 19 9 20 24 26 20 20 25 20 20 20 4 20 16 0 20 20 29 17 8 20 20 20 20 20 18 20 20 20 20 15 20 20 20 10 24 3 20 23 27 20 20 20 1 28 20 20 21 20 2 28 27 16 6 20 20 19 22 11 23 21 20 20 20 5 18 20 29 14 13 20 20 25 15 20 
17 21 7 21 6 15 13 16 21 21 10 21 23 9 17 21 29 21 23 28 21 18 21 21 24 1 16 21 21 21 21 27 0 21 14 21 3 27 28 21 20 21 21 22 26 21 15 19 21 8 21 21 5 21 21 19 21 11 21 4 26 21 21 21 29 22 25 21 20 21 2 21 21 21 21 21 21 21 21 12 21 24 
1 22 22 22 3 22 17 18 29 27 7 22 25 22 22 16 5 22 19 9 22 22 22 13 22 14 2 20 26 23 22 22 22 21 22 22 20 0 22 22 22 23 12 22 19 28 8 17 22 25 22 24 22 22 22 26 22 10 22 11 15 22 6 22 22 22 24 22 22 22 22 22 22 29 22 21 16 22 4 22 27 18 
18 23 23 21 12 17 20 23 23 23 17 28 23 29 24 23 23 23 23 6 15 3 23 7 23 23 23 25 14 23 2 22 23 23 19 25 8 23 9 23 16 23 23 24 20 23 23 23 26 23 23 15 23 1 23 5 26 23 13 28 23 23 18 22 23 0 23 23 10 23 23 11 23 23 4 27 23 21 19 23 29 23 
24 24 24 24 14 19 28 0 25 21 24 18 20 24 24 24 24 28 16 27 24 24 12 24 24 24 24 3 15 16 6 24 24 27 18 24 24 10 24 24 24 15 24 24 29 24 26 7 17 20 23 24 22 17 4 1 24 26 22 25 8 24 24 5 13 9 24 24 24 2 24 24 24 21 24 24 23 11 24 24 24 24 
15 23 23 25 10 25 25 25 25 13 25 22 25 25 25 25 19 25 25 25 25 17 25 27 25 2 6 25 25 21 22 25 7 25 1 25 27 3 26 25 25 18 11 4 25 25 12 20 20 25 5 21 26 16 25 9 25 15 29 25 25 29 28 28 17 25 25 14 25 25 18 25 25 0 24 25 25 19 8 25 25 25 
20 26 18 22 18 26 4 13 16 11 28 26 26 22 15 3 24 6 8 1 26 24 9 26 26 26 27 12 26 5 10 25 23 23 26 26 26 26 26 26 29 14 26 17 26 26 26 26 26 16 2 0 26 26 26 26 26 26 26 29 26 26 26 26 19 17 26 26 26 26 26 26 25 26 21 28 7 15 27 26 26 20 
27 27 27 5 20 13 27 27 23 27 27 16 27 27 6 24 27 27 27 27 27 27 18 27 28 24 27 27 10 1 21 27 27 27 27 28 27 27 27 27 9 16 27 27 15 2 27 27 22 11 3 27 27 22 25 17 12 0 27 19 23 27 14 27 4 7 27 8 29 18 27 25 19 26 17 27 21 27 27 26 27 29 
28 17 4 29 0 3 28 25 13 28 28 28 28 28 28 28 1 28 28 28 26 16 28 28 28 16 23 27 25 28 19 5 22 9 20 28 28 28 28 28 24 19 28 27 18 28 7 28 28 17 21 28 11 21 28 28 28 28 8 28 28 26 28 28 15 28 12 28 14 20 24 28 29 28 2 28 28 22 15 28 10 6 
3 24 5 29 29 0 1 23 29 29 29 15 26 29 29 29 29 4 29 20 25 29 28 6 29 15 29 29 21 9 16 19 29 29 11 2 29 29 29 29 29 21 17 19 29 29 13 27 28 29 8 27 23 29 29 10 29 29 29 29 29 29 26 14 29 16 29 24 29 25 29 7 29 29 29 18 12 18 20 22 29 29 
