16 18 1 7 11 12 0 0 0 0 0 0 0 0 19 14 0 0 14 0 24 15 13 0 0 0 0 0 5 10 17 4 6 4 9 23 29 1 20 22 5 25 26 27 10 21 0 0 0 6 8 3 0 0 2 8 2 0 0 0 0 0 0 0 0 0 3 7 28 0 0 11 0 12 0 0 0 0 0 0 0 0 
1 1 1 1 1 1 1 1 1 1 1 1 26 10 1 1 1 0 5 7 4 14 9 15 20 23 21 2 2 12 1 6 13 22 8 6 1 1 1 3 1 1 1 1 1 1 1 11 28 17 12 1 1 10 1 5 19 18 1 0 27 29 24 13 1 1 1 1 25 1 1 1 1 1 16 4 1 1 11 7 9 3 
2 2 2 2 2 2 12 1 2 19 9 2 21 2 2 12 14 14 2 4 8 2 2 22 2 11 2 2 2 13 5 20 9 24 5 2 2 3 13 26 25 4 27 28 6 8 2 2 2 3 23 15 0 2 2 11 2 2 2 2 2 2 2 10 29 17 2 2 2 2 2 2 1 16 18 6 2 2 2 2 0 7 
3 3 26 5 15 3 3 3 14 3 3 3 3 25 8 1 3 3 3 3 3 3 16 23 3 3 3 3 10 11 22 9 27 29 3 3 3 3 3 3 3 3 3 3 1 11 9 0 0 3 3 3 3 7 7 4 4 24 21 20 14 19 2 3 13 12 3 3 3 3 3 2 13 6 28 17 18 10 6 8 3 3 
24 28 18 4 17 10 4 4 0 4 4 4 4 4 9 13 4 4 4 4 4 4 4 11 14 4 4 4 12 8 6 4 4 4 7 15 22 4 3 4 3 4 4 4 19 13 4 4 4 9 7 4 4 23 20 4 4 14 4 4 0 4 5 25 10 4 1 2 4 1 2 5 29 26 8 4 12 21 16 4 4 27 
1 26 5 5 2 1 5 5 5 5 5 5 5 8 7 8 20 5 5 9 9 10 7 6 25 3 5 5 5 5 5 5 5 5 5 3 6 4 23 12 5 5 5 5 5 15 28 27 22 5 13 13 5 5 18 5 16 19 17 5 5 5 5 5 21 10 11 12 5 5 29 5 5 5 14 24 0 2 0 11 5 5 
7 6 11 12 8 20 8 4 9 6 4 2 3 6 1 9 25 28 17 16 6 3 2 6 6 6 0 6 13 5 6 6 6 6 6 6 6 6 6 7 13 14 15 23 6 6 6 6 14 6 6 6 1 11 6 19 27 6 6 6 6 6 29 18 6 6 26 22 24 5 21 10 12 6 6 6 6 6 6 6 6 6 
7 7 7 7 7 7 7 18 20 8 7 0 17 7 7 22 19 29 28 7 3 23 7 7 16 7 4 4 11 14 12 5 21 6 7 27 9 9 8 7 1 24 7 7 26 25 7 7 15 7 7 7 7 7 7 7 11 0 14 2 7 7 7 7 7 7 10 7 3 7 7 7 5 7 10 12 13 6 2 7 7 7 
8 8 8 8 8 18 8 8 8 8 8 9 29 8 8 8 3 15 22 8 8 8 4 8 8 8 10 14 14 8 8 8 24 16 8 8 8 8 8 19 8 1 3 9 8 8 7 6 17 5 8 4 28 27 26 8 12 13 12 13 2 0 10 7 6 25 21 1 11 8 8 8 23 5 8 8 20 0 8 8 8 8 
2 1 12 8 7 9 9 9 9 9 9 9 4 0 9 9 26 16 9 9 9 9 9 10 10 4 11 6 27 25 23 9 9 9 9 9 9 9 9 9 9 9 9 9 9 9 9 9 9 9 3 9 5 0 1 20 22 29 2 21 9 9 9 5 9 6 14 9 18 24 7 8 14 13 13 11 9 17 28 19 9 15 
12 2 7 2 10 10 10 8 5 9 24 15 10 10 10 10 4 3 4 10 10 10 10 10 10 10 10 10 10 10 11 22 16 19 28 25 26 18 29 23 8 17 1 7 10 6 1 13 13 10 10 10 10 10 10 10 10 21 6 5 20 27 10 10 10 10 10 10 14 14 10 10 10 10 10 0 11 10 12 10 10 0 
11 11 11 1 11 26 19 11 11 4 22 28 27 17 24 11 16 11 9 13 10 11 11 11 11 11 11 11 11 11 11 8 11 11 21 20 23 29 12 13 9 3 5 25 15 11 11 11 2 7 18 10 14 11 11 11 11 6 4 14 6 2 0 11 11 1 11 3 11 11 8 11 11 11 12 11 11 11 11 11 5 11 
12 12 12 12 12 12 12 15 8 1 3 4 10 12 12 12 12 26 25 14 14 12 12 8 6 0 5 10 12 12 12 13 20 9 3 2 2 12 12 12 12 12 24 22 17 19 6 9 23 13 12 7 29 28 27 21 12 12 12 12 12 7 16 0 11 12 12 12 12 18 12 12 12 12 12 12 12 12 12 12 4 11 
11 6 8 24 13 13 1 0 2 5 23 13 13 7 14 13 13 22 29 13 13 9 13 13 11 15 13 13 13 13 13 13 13 27 26 28 19 25 13 13 13 5 14 3 13 13 2 13 13 13 13 13 20 16 10 13 13 13 0 13 7 21 13 13 13 13 17 9 4 3 1 12 13 13 13 13 13 12 13 10 8 18 
28 16 25 18 26 7 5 3 14 24 8 3 0 12 14 14 14 14 14 14 14 14 23 14 14 10 14 14 14 14 14 27 22 11 6 19 15 12 14 14 14 14 14 4 9 1 4 2 14 14 14 14 14 14 14 10 13 14 14 14 14 5 17 11 7 21 14 14 14 14 14 14 14 14 14 20 9 1 13 0 6 29 
22 24 15 15 15 15 15 15 26 15 5 15 15 19 17 25 0 15 15 23 15 15 24 15 15 15 15 21 17 27 8 18 11 15 20 15 15 15 15 4 14 27 15 15 15 15 15 15 15 15 15 15 3 2 6 7 15 16 29 15 12 9 28 16 26 28 22 21 29 15 15 15 15 10 20 13 1 18 15 15 19 15 
16 16 16 16 18 17 26 19 16 16 7 1 13 4 2 11 16 16 3 16 16 16 16 16 16 16 16 16 23 17 14 21 16 16 25 29 28 28 6 9 23 20 16 5 21 16 16 19 27 27 29 18 16 16 16 16 16 16 16 22 24 25 16 16 16 0 12 24 22 15 16 16 16 16 16 16 16 16 16 15 10 8 
23 12 20 17 17 17 4 9 1 3 0 13 17 17 17 17 17 17 17 8 6 28 17 25 22 24 20 23 17 17 17 17 19 17 18 26 17 19 27 25 26 17 17 17 17 17 11 17 17 17 15 14 10 5 17 18 21 2 17 17 17 17 17 17 16 17 17 17 21 7 15 22 16 17 17 17 29 17 29 27 17 17 
26 18 18 18 18 18 18 18 29 18 18 18 25 18 18 18 27 18 23 10 22 2 11 21 15 20 13 16 18 28 18 18 18 18 18 8 25 18 14 24 19 28 17 1 5 20 0 4 9 18 18 18 19 26 18 18 29 18 24 23 17 6 21 18 18 7 18 18 18 18 18 16 18 18 18 18 18 18 15 12 3 18 
8 11 28 26 13 15 19 19 25 19 19 19 19 19 19 19 19 17 2 3 20 4 17 14 0 7 23 24 22 22 27 19 19 19 19 19 19 19 19 19 19 12 9 26 19 19 19 19 19 19 19 19 19 19 19 19 19 19 1 15 28 19 20 29 18 19 19 10 5 21 16 19 18 23 6 16 24 27 25 19 19 19 
21 22 20 20 20 20 15 20 20 16 18 18 19 26 25 20 20 5 27 28 20 24 12 0 20 20 20 20 21 23 13 20 20 20 20 20 1 6 20 20 20 20 23 24 27 20 15 7 4 10 14 20 20 20 20 20 20 22 20 20 20 20 20 3 9 29 28 17 2 11 20 20 20 20 20 20 20 16 8 29 25 19 
21 3 2 21 21 21 21 21 21 0 1 5 21 21 12 10 13 18 15 25 16 8 21 21 21 21 21 21 21 26 28 21 21 17 21 22 17 26 19 20 24 9 4 15 21 21 21 23 29 29 27 28 27 20 23 21 21 21 21 21 21 21 21 21 21 21 21 21 21 21 21 19 11 14 24 22 16 21 21 21 7 6 
22 22 16 20 24 22 0 22 22 18 22 24 5 18 29 22 17 22 22 22 22 25 22 22 22 22 14 20 22 22 22 22 22 22 27 22 22 15 26 22 12 26 28 22 22 22 22 22 22 23 25 9 16 19 19 29 22 22 22 22 22 17 13 21 1 4 22 22 22 8 3 22 10 7 22 22 2 11 21 6 27 23 
23 8 5 16 20 3 9 21 21 15 23 29 15 2 10 17 1 11 23 23 23 23 23 23 24 23 23 23 23 23 23 25 23 18 29 23 23 23 23 23 23 23 23 23 13 26 22 23 23 23 23 6 23 23 23 23 24 23 23 23 22 20 7 23 25 19 19 18 26 0 12 14 23 23 17 27 28 28 23 4 23 23 
24 24 24 24 24 21 10 20 11 24 24 24 24 21 24 20 12 4 26 22 24 24 24 24 24 24 24 24 28 29 18 24 24 24 19 9 3 8 1 24 24 24 24 24 22 17 16 15 24 15 6 27 23 24 16 24 24 24 24 24 24 28 24 23 0 13 2 24 24 24 14 7 26 18 24 24 24 25 27 25 17 5 
25 25 25 17 21 13 3 22 25 29 25 26 25 25 25 25 25 27 25 25 28 25 25 25 25 16 2 5 18 25 26 25 23 15 25 25 25 25 9 25 25 25 7 25 25 25 25 17 19 18 25 19 4 14 11 24 20 23 22 12 21 25 27 25 25 25 25 28 25 29 10 20 15 1 0 8 6 25 25 25 25 25 
26 26 26 26 26 26 26 26 26 26 25 26 26 26 26 26 26 26 26 0 13 16 22 24 2 8 3 11 29 26 26 19 18 20 26 26 26 26 26 26 26 26 26 26 26 26 25 22 24 14 10 1 7 26 26 16 15 12 20 6 5 4 9 17 26 26 26 26 26 28 18 15 26 26 27 28 27 29 23 21 23 17 
25 25 24 4 1 22 21 5 16 6 19 19 27 27 26 18 27 27 27 29 15 11 10 7 3 22 24 13 27 27 27 27 27 27 27 27 8 23 27 27 27 27 27 27 27 9 21 27 27 27 27 27 27 27 27 23 27 27 16 17 27 27 27 28 28 26 18 14 12 2 20 29 0 17 27 27 27 27 27 27 27 27 
28 28 28 15 12 9 7 11 22 26 29 28 24 6 18 26 28 28 28 28 28 28 25 16 21 21 16 3 28 28 28 17 4 5 28 28 28 28 15 14 27 28 28 28 8 22 28 28 28 19 19 28 28 28 17 13 10 27 23 24 28 28 28 28 28 28 28 28 28 28 0 1 20 20 28 28 28 28 28 2 29 25 
3 7 15 21 10 2 18 26 29 29 29 29 29 27 29 19 28 29 29 29 23 12 21 13 8 6 15 0 29 29 1 24 5 29 29 29 29 29 29 27 20 23 16 17 25 16 19 28 29 29 29 20 29 24 14 29 29 29 29 4 9 29 29 29 29 29 25 26 29 29 29 29 29 11 22 18 29 29 29 29 29 29 
