0 0 0 11 0 0 20 11 29 13 14 18 0 0 0 0 0 2 3 2 0 0 0 0 0 0 0 0 0 0 0 0 7 8 4 0 0 0 0 0 0 0 0 0 19 27 8 7 4 6 16 9 12 24 21 1 0 0 0 0 26 25 17 3 0 0 6 5 5 0 1 15 23 22 28 14 12 10 10 0 0 0 
0 1 4 8 7 1 1 1 15 12 10 3 13 13 1 4 10 1 1 1 1 2 1 1 1 1 1 1 1 1 20 24 23 21 17 28 26 19 18 6 1 1 1 1 1 1 1 1 1 11 14 22 12 1 1 1 1 1 1 6 5 5 16 7 1 1 1 1 2 29 11 1 9 9 25 27 1 1 1 1 3 0 
2 8 3 0 3 14 2 1 2 2 2 13 12 12 2 2 2 2 2 26 10 2 14 2 2 2 2 2 2 2 2 21 4 9 17 28 27 22 24 15 23 8 4 0 2 16 19 25 29 2 7 9 18 20 13 2 2 2 2 2 2 11 11 2 2 2 2 2 2 2 2 6 6 5 5 1 2 2 2 2 2 2 
3 3 3 3 3 2 3 11 9 4 3 2 3 7 6 27 26 25 28 22 24 18 21 11 3 3 1 3 3 3 3 3 3 3 3 3 3 3 3 3 3 3 3 3 3 3 3 3 3 3 3 4 6 13 10 10 9 23 29 16 17 8 8 0 0 3 3 3 7 19 20 13 15 5 1 3 3 12 14 14 3 3 
4 4 4 14 7 4 4 4 8 7 11 4 13 8 2 4 4 4 4 4 4 0 2 3 3 12 20 4 4 4 4 4 4 1 1 0 4 4 4 4 4 4 4 4 4 4 4 4 9 29 4 4 4 9 12 13 10 10 4 4 4 4 4 18 26 19 23 17 21 15 16 27 5 5 22 24 25 28 4 6 14 4 
5 5 5 5 13 29 28 18 17 19 27 25 5 5 10 5 5 11 1 14 5 5 5 5 5 5 5 5 5 5 5 5 5 9 5 5 8 10 11 1 0 7 7 2 4 8 5 5 5 21 20 6 6 5 5 5 0 3 3 2 13 23 5 5 5 5 5 5 5 5 5 16 5 5 12 12 24 22 26 15 9 5 
15 6 20 23 17 13 12 7 12 6 11 11 9 5 13 8 6 6 6 6 1 10 14 14 6 6 28 6 6 6 6 6 6 5 26 27 16 9 6 6 6 6 6 6 1 0 3 6 6 6 6 6 6 6 6 6 6 6 6 6 6 8 4 18 19 6 6 6 6 6 21 24 22 29 25 7 2 2 3 4 6 6 
8 3 7 11 7 7 7 3 7 7 7 7 7 7 5 6 10 10 13 11 1 19 25 14 14 29 24 20 21 6 7 0 0 4 7 7 7 7 7 7 7 7 7 7 7 7 4 8 18 28 23 7 7 7 7 7 7 7 7 15 22 12 12 7 7 7 2 2 5 9 9 27 26 17 7 7 7 7 16 7 7 7 
8 8 5 8 8 21 14 20 8 8 8 8 8 8 8 5 6 2 13 10 10 13 14 12 12 1 1 3 3 4 8 8 22 15 9 17 16 9 8 8 8 8 8 8 8 8 8 8 8 8 8 8 8 8 8 8 8 8 8 8 8 8 8 8 8 4 0 0 8 6 24 23 18 11 19 25 26 27 28 29 7 7 
2 29 5 3 18 9 9 9 9 4 4 2 0 0 1 1 13 24 22 21 9 9 17 25 26 15 9 9 9 9 9 9 9 12 14 14 10 10 9 9 9 9 9 9 9 9 5 13 6 6 11 11 9 9 9 9 9 9 9 9 9 9 9 9 9 8 8 20 23 9 19 27 28 16 9 9 9 9 7 7 9 9 
10 13 21 22 10 10 10 10 10 10 10 10 10 10 10 1 4 24 10 10 10 10 10 6 12 12 15 28 19 16 5 7 0 7 8 8 17 10 10 10 10 10 20 10 10 10 10 10 10 4 6 23 10 10 10 10 10 10 10 9 1 2 2 11 11 10 10 10 5 18 26 25 27 29 13 14 14 10 10 10 0 3 
5 10 11 11 11 10 11 11 11 11 11 11 11 2 11 11 11 11 11 11 1 3 0 3 2 11 11 11 21 12 20 5 11 11 11 11 11 11 7 6 6 9 11 11 11 11 11 11 11 11 11 8 8 16 25 26 18 29 23 1 4 4 11 11 11 11 11 14 12 14 11 11 13 13 9 15 27 19 22 24 28 17 
14 4 11 13 8 4 1 12 12 12 12 12 12 10 10 11 12 12 12 12 12 12 12 12 12 12 12 12 12 12 12 12 12 12 12 0 3 0 3 12 12 12 12 12 13 12 12 23 16 8 9 9 5 6 6 17 12 12 7 7 21 12 24 19 27 25 12 14 2 2 12 20 22 28 29 18 26 12 12 12 12 15 
13 13 13 13 13 13 21 8 6 13 13 13 13 13 13 13 13 13 13 13 18 27 5 5 9 16 9 4 0 1 3 3 0 11 11 8 7 7 13 13 13 13 13 13 12 12 13 13 13 13 13 13 10 10 29 26 25 24 23 20 13 13 13 14 14 13 28 19 17 15 13 13 13 13 13 13 13 2 2 1 13 22 
14 20 21 14 14 14 14 14 14 14 14 14 14 14 14 14 14 14 14 23 9 24 15 1 6 3 1 0 12 22 14 14 14 12 14 14 11 4 8 4 3 0 11 16 13 13 9 19 29 27 26 28 5 7 7 2 6 5 18 17 25 10 10 14 14 14 14 14 14 14 14 14 14 14 14 14 14 14 14 14 14 14 
15 15 15 15 15 15 15 15 17 29 26 26 15 15 29 25 19 19 27 27 28 28 15 15 15 23 15 15 15 15 15 22 15 15 15 15 15 15 0 3 4 1 10 11 7 8 12 21 20 20 15 15 15 16 17 18 18 24 22 24 15 15 16 9 5 2 14 6 15 15 15 15 15 15 15 21 13 15 15 15 15 15 
16 1 16 23 18 18 23 15 2 11 21 25 27 16 9 10 12 20 24 24 21 5 16 16 16 16 16 16 16 16 16 7 8 6 16 16 16 16 16 19 16 16 16 16 4 0 3 16 16 16 16 16 16 16 16 16 16 17 19 16 16 16 22 22 25 26 29 29 16 16 17 27 28 28 15 16 16 16 16 16 13 14 
4 5 27 29 29 17 26 28 17 26 17 17 24 7 13 8 21 2 15 15 14 12 10 3 1 6 18 17 18 17 17 20 20 21 17 17 17 17 17 17 17 17 17 17 16 11 9 16 19 17 17 17 17 17 27 19 23 23 17 17 17 17 25 25 17 17 17 22 22 17 17 17 17 17 17 17 17 17 0 17 17 17 
26 27 15 18 18 18 18 18 18 18 18 18 18 18 18 18 18 18 18 18 12 8 21 15 23 9 20 23 28 29 18 5 2 3 4 1 0 14 11 10 22 18 18 18 18 18 18 18 18 18 18 19 28 19 18 18 25 26 18 18 18 18 18 18 18 17 25 29 17 18 18 16 16 18 20 24 24 18 6 7 13 21 
16 21 23 18 15 15 20 23 19 26 26 25 25 7 4 19 19 29 18 19 19 19 19 11 2 1 10 12 14 20 19 19 19 19 17 17 19 19 28 24 24 5 8 3 0 19 19 19 19 19 19 19 19 19 19 19 19 19 19 13 6 9 19 19 19 27 27 28 19 19 19 22 22 19 19 19 19 16 19 19 19 19 
20 20 20 20 20 20 20 8 18 27 27 19 18 28 25 28 19 25 26 24 20 20 20 20 20 20 20 20 20 20 20 20 20 20 20 20 15 23 23 22 22 20 3 12 10 13 11 20 20 20 17 29 29 16 16 9 6 20 20 20 20 7 4 0 2 1 20 20 20 21 21 5 14 20 20 20 20 20 20 20 24 15 
21 21 21 21 21 13 21 21 21 21 21 21 21 21 21 21 21 21 21 21 21 21 21 21 19 17 26 27 5 8 0 14 12 10 6 7 9 21 21 21 21 15 15 27 11 4 16 16 20 24 24 21 21 21 23 17 18 19 29 29 28 28 23 21 21 21 21 21 21 21 25 26 21 21 22 20 22 2 3 1 21 21 
13 6 20 24 22 23 7 4 2 3 1 0 26 29 29 24 22 22 25 25 26 18 18 17 28 19 19 17 22 22 22 22 22 22 22 22 22 22 22 22 22 22 23 16 16 9 21 8 11 12 10 20 22 27 27 5 15 22 22 22 22 22 22 22 22 22 22 21 14 22 22 22 22 22 22 22 22 22 22 22 22 22 
23 26 23 23 23 23 23 23 2 17 29 29 5 23 23 23 23 23 23 23 23 24 8 21 0 11 1 3 4 6 20 22 23 15 15 23 23 23 23 23 23 23 23 17 19 19 18 18 23 23 28 28 25 23 23 23 23 23 23 9 16 23 23 23 23 23 23 23 27 25 26 22 23 23 12 14 20 7 10 13 21 24 
24 27 27 11 24 12 9 24 24 24 24 24 24 24 21 21 14 10 24 24 24 24 24 24 24 24 20 20 17 24 24 24 22 22 3 7 16 16 6 1 8 23 23 18 18 17 19 25 26 25 26 29 24 24 24 24 24 24 24 24 24 24 24 24 15 28 0 2 24 24 13 24 24 24 24 28 15 24 24 24 5 4 
3 0 7 11 4 14 1 2 28 29 25 25 25 25 25 25 25 25 25 25 26 25 25 25 25 25 25 25 25 29 21 21 20 20 24 22 22 15 15 23 23 16 5 8 10 12 25 25 25 25 25 25 25 13 6 9 17 19 25 25 25 25 26 25 25 18 25 25 25 25 25 25 25 25 25 17 18 27 27 19 25 28 
26 26 29 26 26 26 26 26 26 25 26 26 26 26 26 26 26 26 26 26 26 26 26 29 20 15 15 9 16 16 6 19 26 26 28 28 5 3 10 12 22 18 18 8 7 2 11 0 4 27 27 1 26 26 26 26 26 26 13 21 24 24 26 26 26 26 26 23 23 26 26 26 22 20 14 26 26 26 26 25 17 17 
29 27 27 27 27 27 27 19 27 27 27 27 27 27 27 27 27 26 23 25 3 24 20 12 14 15 6 5 11 1 16 16 7 0 27 27 27 28 27 19 23 4 18 9 21 21 18 17 27 27 28 27 27 27 27 25 26 27 27 27 27 29 24 10 13 8 2 27 27 27 27 27 27 27 27 17 22 22 27 27 27 27 
23 15 16 27 28 28 28 21 9 5 8 7 6 28 28 28 28 28 25 26 25 26 28 28 28 28 28 28 28 17 17 28 28 28 28 28 27 19 19 0 4 1 3 10 18 15 28 28 28 28 28 28 29 29 16 28 28 28 24 20 13 12 24 22 22 28 28 28 28 28 28 28 2 11 21 20 14 28 28 28 28 28 
29 29 29 29 29 29 21 24 15 20 18 29 29 25 26 29 29 29 29 29 25 27 27 26 28 28 18 29 29 29 7 23 23 24 29 29 29 16 3 0 11 1 4 8 9 16 5 6 10 13 20 12 29 29 29 29 29 29 29 29 29 29 29 29 29 29 29 22 29 29 29 17 2 14 21 15 29 29 29 29 19 19 
