0 0 0 0 28 29 0 0 0 0 0 0 0 0 0 0 0 1 2 3 21 20 15 11 0 6 5 7 13 4 8 0 0 0 12 24 18 0 0 0 5 6 27 12 10 26 14 11 0 0 0 0 0 0 0 0 0 0 0 8 1 23 7 0 0 0 0 9 22 3 0 0 17 25 14 10 2 4 16 19 0 0 
1 1 1 1 1 1 29 4 5 5 3 19 2 1 1 0 28 1 1 1 1 15 23 24 7 21 1 1 9 27 12 10 14 1 25 22 9 13 1 1 2 17 18 13 12 1 1 1 1 1 20 7 16 1 1 1 1 1 1 1 1 1 1 1 11 6 1 1 3 4 26 0 1 1 1 1 1 1 11 6 8 10 
24 20 9 14 4 1 2 2 11 29 2 2 2 2 0 21 11 2 2 15 2 22 14 2 25 2 2 17 6 8 23 13 8 7 16 2 2 12 5 2 2 2 28 10 13 27 19 3 0 2 2 4 2 2 2 2 2 1 6 5 3 2 2 2 2 12 2 2 26 2 2 2 9 18 2 2 2 2 2 2 2 2 
29 9 27 0 22 28 19 7 3 3 3 3 3 3 3 3 0 3 3 3 17 23 8 2 4 26 18 24 16 14 9 3 3 3 3 13 21 25 3 3 10 2 13 20 11 3 3 3 3 6 3 3 3 5 3 4 7 3 1 3 3 3 11 1 3 3 3 3 3 3 6 10 3 3 3 3 15 14 12 8 3 3 
0 0 28 18 4 4 4 4 3 10 13 11 4 2 3 4 4 4 20 8 4 4 4 4 4 7 12 14 8 4 7 14 13 16 26 10 4 4 4 4 4 4 4 4 4 4 4 5 12 4 4 4 4 4 4 4 4 29 19 21 5 1 2 4 27 15 17 23 4 4 9 24 6 4 4 1 25 4 22 9 4 4 
28 7 5 27 29 25 14 5 5 5 5 5 5 5 16 5 5 5 18 13 13 5 5 4 0 12 5 5 5 5 5 5 15 0 8 21 26 5 5 5 5 5 5 5 6 11 1 5 11 5 5 9 5 5 1 23 19 5 5 5 5 6 12 24 3 3 2 17 5 5 22 20 5 5 5 5 9 10 10 7 2 8 
7 1 0 8 6 6 18 17 19 20 6 6 4 6 6 11 14 6 15 23 27 5 25 29 6 6 6 6 6 6 24 12 10 3 3 6 13 6 4 5 13 6 6 6 6 6 6 6 6 6 6 16 2 6 6 6 6 6 6 6 6 6 22 21 12 6 8 11 7 26 6 6 6 6 6 2 1 9 9 6 14 28 
7 7 7 7 7 4 12 7 7 7 7 7 7 7 7 7 15 2 3 7 8 27 7 7 7 7 7 7 5 7 7 8 25 7 22 14 7 7 7 9 11 11 10 7 14 7 28 24 21 23 16 7 0 19 6 7 7 5 7 6 9 7 7 2 0 7 7 3 7 7 17 29 7 10 1 12 26 20 18 7 4 13 
8 8 8 8 11 14 0 2 0 18 5 8 8 1 12 13 8 8 8 8 8 8 8 8 10 10 20 8 8 8 8 8 8 8 8 6 23 6 15 27 14 5 8 7 4 3 8 8 13 21 29 17 9 26 19 7 8 8 8 8 24 22 1 16 9 8 8 8 8 8 8 8 8 4 3 25 28 12 8 8 8 8 
9 9 9 12 7 6 15 5 9 9 6 2 9 9 9 9 9 21 1 22 10 10 26 9 11 11 9 9 9 29 9 3 27 28 13 20 9 23 9 9 9 4 8 5 9 19 9 8 1 13 9 9 9 4 2 25 18 14 14 17 9 9 9 9 9 24 7 9 16 9 9 9 9 9 9 9 9 9 9 9 0 0 
19 10 10 10 10 12 10 11 10 10 10 6 8 17 28 7 13 5 13 10 10 10 4 8 10 10 10 21 27 20 10 10 10 12 10 10 2 24 11 26 10 10 10 10 10 1 4 6 16 5 9 18 15 10 10 10 14 22 0 3 10 14 10 0 2 25 29 1 23 7 10 10 10 10 10 10 10 10 10 10 10 10 
11 8 11 1 11 11 2 11 11 26 16 11 28 3 7 11 11 14 25 10 4 4 11 11 11 11 10 6 11 6 18 17 3 1 11 12 19 11 11 11 11 11 11 11 11 11 9 11 11 11 13 13 11 2 11 11 8 21 15 22 29 20 11 12 11 11 0 11 11 5 27 23 11 11 5 9 14 24 11 11 11 11 
9 12 12 12 12 12 12 12 21 0 2 8 15 12 12 9 23 25 27 7 1 8 24 12 12 12 12 12 20 12 12 12 19 12 12 12 12 12 7 2 4 13 22 12 12 12 12 12 12 29 6 12 4 0 10 11 12 6 17 13 14 12 12 12 12 12 12 28 5 16 10 26 3 11 18 12 12 12 12 12 3 14 
27 12 1 10 1 13 13 13 28 25 13 0 0 5 13 13 13 8 13 13 13 29 21 13 6 18 7 8 13 7 5 13 13 13 13 13 13 13 13 13 13 13 13 13 13 14 13 12 13 13 13 13 17 15 11 2 4 3 13 13 13 3 9 13 24 13 19 16 11 13 13 22 23 9 10 13 20 2 13 14 26 13 
11 27 22 14 14 14 14 12 10 7 0 7 3 6 13 14 14 14 14 17 24 14 14 14 14 14 9 14 14 14 20 14 14 13 21 14 14 5 16 15 14 14 4 11 14 14 14 23 6 1 4 12 3 10 14 14 14 14 14 1 14 14 14 29 18 19 26 25 28 9 0 2 8 5 14 14 14 14 14 14 14 14 
15 18 11 15 15 15 15 27 7 19 25 29 15 15 15 15 15 19 15 15 15 15 15 28 14 29 1 15 24 12 17 20 15 15 10 26 24 20 15 15 15 15 15 15 27 6 21 15 15 0 18 15 15 15 15 15 15 15 15 15 22 16 21 9 15 15 3 2 4 22 23 8 5 15 16 13 15 26 28 17 15 15 
8 16 10 19 19 18 25 21 16 16 16 16 16 16 16 16 16 16 16 18 20 28 11 12 23 28 21 15 16 24 29 24 29 16 16 16 14 26 16 16 23 27 5 15 17 16 3 16 16 16 16 16 16 25 0 6 22 17 16 16 16 16 16 16 16 16 16 16 16 16 13 9 7 1 16 16 22 27 16 2 16 4 
17 17 19 17 15 23 17 17 18 16 23 5 9 17 21 20 8 27 28 17 17 17 22 14 17 17 17 17 17 17 17 17 17 29 27 16 12 4 0 21 15 17 29 17 17 17 6 22 24 17 17 17 17 17 17 17 17 17 17 17 19 7 20 26 25 26 17 17 25 13 17 17 17 17 17 3 10 1 2 17 18 11 
18 18 26 18 18 18 18 18 18 18 18 24 7 28 29 4 9 18 18 18 22 21 18 18 18 18 18 1 11 17 18 0 20 15 18 19 18 18 24 25 18 18 18 6 28 17 23 16 3 2 18 18 18 18 18 14 18 19 5 15 10 12 23 13 18 8 16 26 18 27 25 21 20 18 18 29 18 18 18 18 18 18 
19 19 19 19 19 19 19 19 19 19 19 19 16 12 1 28 25 19 19 25 2 14 7 19 18 23 24 5 17 19 19 19 19 19 19 19 19 11 27 13 22 28 26 29 19 19 19 21 15 4 0 3 19 19 19 19 19 19 19 19 19 19 10 20 26 19 19 22 8 23 20 17 27 6 9 16 18 19 19 19 24 15 
20 20 12 7 27 22 23 19 9 20 20 20 20 16 20 20 4 3 20 20 20 20 5 19 29 17 20 22 20 20 20 20 20 8 28 20 20 20 13 1 21 10 24 20 20 23 27 25 25 24 20 28 18 18 21 0 2 20 20 16 6 20 20 20 20 11 20 20 20 20 20 20 20 15 29 14 20 20 20 20 15 26 
17 16 7 21 6 15 13 21 21 21 10 3 21 9 21 21 21 21 23 28 21 21 21 18 24 21 21 21 29 25 27 27 0 22 21 21 21 21 21 21 21 29 15 22 26 4 21 21 21 21 28 21 5 21 21 19 17 21 16 21 26 19 21 21 21 21 21 20 20 8 2 21 1 21 21 21 21 23 14 12 11 24 
1 10 22 26 22 22 17 18 29 27 7 25 25 26 9 16 5 16 19 22 22 22 22 13 12 14 2 22 22 22 22 22 22 22 22 22 20 0 3 4 22 23 22 22 19 28 8 22 22 22 17 22 22 22 15 22 22 22 24 22 22 22 22 23 20 21 24 22 22 22 22 22 11 29 6 21 22 22 22 22 27 18 
18 23 23 21 12 23 23 29 27 3 23 28 21 29 24 5 23 18 23 23 15 23 23 7 23 23 28 25 14 22 23 22 26 26 19 25 23 23 9 11 23 23 6 24 20 23 23 23 23 23 23 15 23 1 17 23 23 8 13 23 23 23 23 23 16 0 20 23 23 23 23 23 23 17 4 23 23 23 19 10 23 2 
24 24 8 15 14 19 28 0 25 21 20 24 20 7 24 24 26 28 16 27 24 26 24 24 24 24 24 24 24 24 24 24 17 27 18 24 24 24 24 3 24 15 24 24 24 12 24 24 24 24 23 22 22 17 4 1 6 24 24 24 24 9 16 24 24 24 24 29 18 2 24 24 10 21 25 5 23 24 13 11 24 24 
15 23 23 17 10 25 25 28 25 25 25 25 25 0 20 14 25 25 25 25 29 17 25 27 25 2 6 25 28 25 22 25 25 19 25 25 25 25 25 25 18 18 11 4 9 7 12 25 25 22 5 21 26 25 25 25 1 15 29 24 13 25 25 25 25 25 21 25 25 25 25 27 26 25 25 25 25 19 8 20 16 3 
20 19 26 26 18 11 4 13 16 26 26 20 29 26 15 3 26 6 8 1 28 26 26 9 17 26 26 12 22 5 10 25 26 26 26 26 26 26 25 26 29 14 26 17 26 26 24 15 23 16 2 0 26 26 18 22 23 24 7 26 26 26 26 26 26 26 26 26 26 26 26 26 26 26 21 28 26 26 27 27 26 26 
27 27 27 27 27 13 10 27 27 27 18 16 5 15 6 24 16 27 27 27 27 27 18 27 28 24 26 28 27 27 27 27 27 27 27 27 25 21 27 27 9 27 27 27 27 27 27 29 22 11 3 29 19 22 25 17 12 0 20 19 23 2 14 4 27 7 1 8 27 27 27 27 27 26 17 23 21 27 27 27 27 27 
28 17 28 28 28 28 28 28 28 9 26 28 28 28 28 28 28 28 28 28 28 28 28 28 28 28 28 28 28 19 19 5 22 28 28 27 4 7 21 16 24 28 28 27 28 28 28 1 29 17 28 28 11 21 14 15 0 20 8 23 16 26 25 25 15 13 12 28 28 20 24 6 29 3 2 28 28 22 28 18 10 28 
29 24 5 28 29 29 29 29 29 29 19 29 29 29 29 15 21 4 14 20 29 29 28 29 29 29 17 9 29 29 29 19 29 29 11 2 7 18 1 0 29 29 29 29 24 16 13 29 29 29 29 29 23 6 3 10 15 29 29 26 29 25 26 29 21 16 29 29 27 25 8 29 29 29 29 29 12 18 20 22 23 27 
