1.28286e+06
Distancia Final: 1.28286e+06
Equipo: 0
0 0 -1 0 0 -1 0 -1 0 0 -1 -1 -1 10 13 -1 0 0 -1 0 0 -1 -1 -1 0 -1 -1 0 0 -1 0 -1 3 -1 -1 2 0 -1 0 -1 -1 0 -1 0 11 -1 7 -1 5 6 -1 0 0 -1 0 -1 0 -1 -1 0 -1 -1 -1 -1 0 0 -1 12 24 -1 -1 -1 18 -1 -1 17 -1 -1 21 -1 5 6 -1 15 12 -1 14 -1 29 26 -1 -1 0 -1 -1 0 0 -1 -1 0 0 -1 0 -1 0 0 -1 14 20 -1 25 -1 28 8 -1 10 8 -1 -1 4 1 -1 -1 0 0 -1 4 -1 7 -1 -1 -1 9 -1 23 -1 22 3 -1 -1 1 -1 -1 -1 0 -1 -1 -1 0 -1 0 -1 2 11 -1 16 19 -1 27 -1 0 0 -1 Partidos totales: 82------ Partidos como local: 41-------Mßximo de dÝas de descanso: 4

Equipo: 1
19 1 -1 1 11 -1 9 -1 13 2 -1 1 -1 -1 3 1 -1 1 -1 -1 1 -1 1 -1 1 -1 -1 1 0 -1 0 -1 -1 -1 -1 1 1 -1 1 -1 1 1 -1 12 24 -1 5 -1 7 1 -1 15 23 -1 10 -1 9 -1 -1 -1 10 1 -1 -1 1 11 -1 1 22 -1 18 -1 -1 -1 -1 29 20 -1 14 -1 1 1 -1 -1 13 -1 -1 -1 12 1 -1 1 28 -1 27 -1 1 1 -1 1 1 -1 1 -1 1 1 -1 -1 1 -1 17 -1 25 2 -1 1 -1 -1 -1 -1 1 4 -1 8 3 -1 -1 -1 1 1 -1 1 -1 -1 1 -1 1 1 -1 1 1 -1 5 -1 21 16 -1 7 4 -1 -1 -1 6 -1 -1 -1 6 -1 26 -1 1 -1 -1 Partidos totales: 82------ Partidos como local: 41-------Mßximo de dÝas de descanso: 4

Equipo: 2
24 20 -1 15 -1 11 2 -1 -1 2 -1 2 2 -1 2 -1 2 -1 -1 2 9 -1 4 -1 1 4 -1 0 -1 -1 3 -1 11 2 -1 2 -1 -1 17 19 -1 -1 -1 -1 28 -1 27 -1 25 2 -1 2 6 -1 -1 -1 6 8 -1 2 2 -1 2 2 -1 -1 -1 2 2 -1 -1 -1 10 12 -1 2 -1 -1 -1 -1 1 2 -1 2 2 -1 2 -1 13 12 -1 -1 3 2 -1 -1 0 2 -1 2 2 -1 2 -1 2 2 -1 -1 13 -1 2 -1 2 2 -1 2 5 -1 -1 -1 -1 8 -1 -1 -1 2 2 -1 -1 2 -1 2 2 -1 29 -1 26 14 -1 -1 14 -1 21 22 -1 18 -1 23 -1 9 2 -1 2 -1 -1 2 16 -1 -1 -1 5 7 -1 Partidos totales: 82------ Partidos como local: 41-------Mßximo de dÝas de descanso: 4

Equipo: 3
5 9 -1 27 0 -1 -1 -1 3 3 -1 3 3 -1 3 -1 4 23 -1 29 21 -1 -1 -1 14 3 -1 3 -1 -1 3 -1 3 -1 -1 3 0 -1 18 -1 17 3 -1 -1 9 -1 8 -1 4 -1 -1 3 3 -1 3 3 -1 3 -1 -1 3 -1 3 -1 3 6 -1 6 16 -1 26 -1 -1 25 -1 22 24 -1 20 -1 10 2 -1 2 -1 -1 3 -1 11 -1 -1 14 3 -1 -1 -1 -1 3 -1 3 -1 -1 3 -1 3 3 -1 3 3 -1 3 -1 7 19 -1 1 10 -1 -1 13 -1 13 -1 11 3 -1 3 -1 3 3 -1 15 7 -1 -1 -1 1 3 -1 3 3 -1 -1 -1 3 28 -1 8 3 -1 -1 -1 3 3 -1 12 -1 -1 3 -1 -1 -1 -1 Partidos totales: 82------ Partidos como local: 41-------Mßximo de dÝas de descanso: 4

Equipo: 4
0 0 -1 1 4 -1 4 4 -1 7 -1 4 -1 4 4 -1 4 4 -1 4 -1 -1 4 -1 -1 4 -1 -1 18 -1 29 -1 20 5 -1 4 4 -1 4 -1 -1 11 -1 4 -1 -1 4 -1 4 4 -1 -1 4 4 -1 -1 4 -1 -1 7 -1 -1 -1 4 13 -1 -1 26 17 -1 27 -1 28 4 -1 4 22 -1 12 -1 12 14 -1 14 -1 -1 -1 -1 8 21 -1 10 -1 2 4 -1 4 4 -1 -1 4 -1 4 -1 4 4 -1 4 3 -1 2 -1 13 -1 -1 -1 4 4 -1 4 -1 4 -1 -1 -1 4 4 -1 4 15 -1 -1 23 -1 6 -1 4 1 -1 3 -1 -1 10 -1 -1 8 -1 -1 4 -1 19 -1 25 24 -1 -1 9 -1 9 -1 -1 16 5 Partidos totales: 82------ Partidos como local: 41-------Mßximo de dÝas de descanso: 4

Equipo: 5
5 -1 -1 5 5 -1 18 19 -1 25 20 -1 9 4 -1 7 -1 1 -1 -1 5 -1 29 -1 27 -1 -1 -1 23 -1 -1 -1 5 5 -1 -1 5 -1 5 -1 5 6 -1 5 -1 -1 5 -1 5 12 -1 0 0 -1 8 -1 7 5 -1 -1 5 13 -1 -1 15 -1 -1 -1 21 -1 28 -1 26 14 -1 2 5 -1 5 -1 5 5 -1 16 5 -1 5 -1 5 11 -1 1 8 -1 -1 -1 5 5 -1 -1 9 -1 5 -1 5 -1 -1 5 -1 -1 -1 -1 5 5 -1 5 5 -1 5 5 -1 6 -1 12 -1 -1 11 -1 3 3 -1 2 5 -1 -1 -1 -1 17 -1 22 -1 -1 5 -1 5 5 -1 5 24 -1 13 -1 -1 10 -1 10 5 -1 5 -1 5 -1 5 Partidos totales: 82------ Partidos como local: 41-------Mßximo de dÝas de descanso: 4

Equipo: 6
6 1 -1 0 8 -1 4 -1 6 9 -1 18 6 -1 -1 -1 6 20 -1 -1 10 -1 14 12 -1 14 -1 12 11 -1 11 -1 -1 6 -1 6 6 -1 -1 -1 -1 6 9 -1 6 -1 -1 -1 6 6 -1 6 6 -1 6 -1 6 6 -1 6 -1 -1 -1 -1 6 6 -1 6 6 -1 6 -1 13 8 -1 4 5 -1 -1 -1 13 6 -1 6 -1 -1 -1 -1 5 15 -1 17 6 -1 6 6 -1 3 -1 -1 -1 -1 3 -1 2 -1 -1 7 6 -1 23 -1 24 -1 16 -1 6 -1 -1 -1 6 6 -1 -1 7 2 -1 -1 -1 1 -1 6 6 -1 6 6 -1 26 -1 25 28 -1 27 29 -1 19 -1 22 -1 -1 21 -1 6 6 -1 6 6 -1 -1 -1 6 6 -1 Partidos totales: 82------ Partidos como local: 41-------Mßximo de dÝas de descanso: 4

Equipo: 7
6 -1 -1 -1 7 7 -1 -1 7 7 -1 2 3 -1 4 7 -1 7 -1 10 -1 -1 12 -1 -1 -1 -1 11 7 -1 7 7 -1 2 -1 3 7 -1 7 -1 7 27 -1 19 7 -1 7 -1 7 4 -1 7 7 -1 7 -1 7 7 -1 7 8 -1 -1 -1 7 -1 -1 22 -1 -1 15 -1 29 28 -1 24 9 -1 9 -1 7 11 -1 10 -1 -1 12 -1 14 -1 -1 -1 14 13 -1 -1 21 23 -1 16 1 -1 -1 -1 0 7 -1 7 8 -1 7 -1 7 5 -1 -1 6 -1 -1 -1 -1 7 -1 0 7 -1 -1 -1 7 7 -1 7 7 -1 -1 -1 -1 7 -1 17 25 -1 26 -1 7 7 -1 7 7 -1 -1 -1 7 20 -1 18 5 -1 7 -1 -1 7 -1 Partidos totales: 82------ Partidos como local: 41-------Mßximo de dÝas de descanso: 4

Equipo: 8
8 11 -1 13 8 -1 8 -1 8 14 -1 -1 2 -1 -1 1 0 -1 -1 -1 12 -1 10 -1 10 -1 -1 3 8 -1 -1 -1 8 8 -1 8 4 -1 7 -1 7 8 -1 -1 8 -1 8 8 -1 8 -1 8 8 -1 8 -1 4 8 -1 0 8 -1 8 -1 -1 20 -1 21 6 -1 -1 -1 8 8 -1 8 27 -1 19 -1 14 5 -1 9 16 -1 5 -1 8 -1 -1 -1 8 8 -1 8 13 -1 -1 -1 17 -1 8 -1 8 8 -1 8 8 -1 -1 -1 -1 8 -1 -1 8 -1 -1 -1 8 8 -1 8 -1 -1 -1 -1 8 18 -1 6 8 -1 9 23 -1 22 -1 29 15 -1 24 -1 8 8 -1 8 25 -1 26 -1 28 12 -1 -1 -1 -1 3 -1 1 -1 -1 Partidos totales: 82------ Partidos como local: 41-------Mßximo de dÝas de descanso: 4

Equipo: 9
-1 9 -1 -1 9 -1 9 -1 7 9 -1 -1 9 -1 9 -1 9 28 -1 -1 9 -1 9 -1 9 9 -1 22 12 -1 10 9 -1 -1 -1 1 9 -1 9 -1 9 -1 9 -1 9 -1 9 -1 11 11 -1 9 29 -1 23 -1 9 9 -1 -1 3 -1 2 2 -1 -1 -1 13 20 -1 21 -1 -1 9 -1 9 9 -1 9 -1 9 -1 -1 9 5 -1 26 -1 25 19 -1 -1 -1 9 -1 -1 1 13 -1 10 9 -1 5 -1 8 4 -1 -1 9 -1 9 -1 -1 14 -1 14 17 -1 27 18 -1 24 -1 -1 15 4 -1 -1 8 -1 -1 7 9 -1 9 -1 9 9 -1 -1 16 -1 9 -1 -1 9 -1 -1 9 9 -1 -1 -1 6 -1 6 9 -1 9 -1 0 0 -1 Partidos totales: 82------ Partidos como local: 41-------Mßximo de dÝas de descanso: 3

Equipo: 10
20 22 -1 -1 13 -1 -1 -1 -1 12 10 -1 10 10 -1 -1 10 10 -1 10 10 -1 10 -1 10 17 -1 -1 7 -1 10 -1 10 10 -1 10 11 -1 5 -1 9 0 -1 4 8 -1 4 -1 -1 8 -1 -1 21 -1 10 -1 10 10 -1 10 10 -1 10 -1 6 12 -1 10 -1 -1 -1 -1 10 10 -1 11 26 -1 27 -1 10 -1 -1 10 2 -1 2 -1 -1 1 -1 10 6 -1 -1 -1 -1 5 -1 10 10 -1 23 -1 15 10 -1 10 10 -1 14 -1 14 10 -1 10 10 -1 -1 -1 18 28 -1 19 -1 -1 29 -1 -1 25 -1 16 -1 -1 10 -1 -1 7 -1 1 3 -1 10 -1 24 -1 -1 13 0 -1 10 -1 10 10 -1 10 10 -1 10 -1 -1 -1 -1 Partidos totales: 82------ Partidos como local: 41-------Mßximo de dÝas de descanso: 4

Equipo: 11
-1 11 -1 -1 11 11 -1 4 8 -1 10 -1 10 -1 11 -1 2 4 -1 16 -1 -1 26 -1 28 3 -1 11 11 -1 11 -1 11 8 -1 -1 11 -1 11 11 -1 11 -1 -1 11 -1 -1 -1 11 11 -1 -1 -1 -1 11 -1 11 6 -1 18 17 -1 19 -1 3 11 -1 11 12 -1 12 -1 -1 11 -1 11 -1 -1 -1 -1 7 11 -1 11 14 -1 13 -1 11 11 -1 -1 0 9 -1 -1 5 11 -1 11 11 -1 11 -1 11 2 -1 11 -1 -1 11 -1 -1 11 -1 -1 11 -1 13 14 -1 -1 -1 11 11 -1 11 -1 1 -1 -1 -1 6 -1 1 -1 11 25 -1 27 29 -1 -1 -1 22 23 -1 5 9 -1 11 -1 11 11 -1 -1 24 -1 15 -1 21 20 -1 Partidos totales: 82------ Partidos como local: 41-------Mßximo de dÝas de descanso: 4

Equipo: 12
-1 12 -1 12 -1 -1 12 -1 12 12 -1 12 12 -1 9 -1 21 0 -1 2 12 -1 12 12 -1 12 -1 12 12 -1 -1 -1 23 25 -1 27 -1 -1 9 -1 1 8 -1 12 12 -1 24 -1 22 12 -1 -1 12 -1 -1 -1 20 15 -1 -1 -1 -1 29 -1 19 12 -1 12 12 -1 12 -1 12 12 -1 -1 12 -1 12 -1 12 12 -1 -1 12 -1 12 -1 12 12 -1 12 13 -1 6 8 -1 -1 -1 -1 11 -1 4 -1 4 0 -1 10 -1 -1 12 12 -1 -1 -1 -1 13 -1 -1 -1 14 12 -1 12 11 -1 3 -1 -1 2 -1 12 5 -1 17 6 -1 16 -1 18 26 -1 28 -1 3 7 -1 -1 7 -1 10 -1 12 12 -1 12 12 -1 -1 -1 -1 14 -1 Partidos totales: 82------ Partidos como local: 41-------Mßximo de dÝas de descanso: 4

Equipo: 13
14 12 -1 13 13 -1 -1 -1 13 13 -1 13 13 -1 13 -1 -1 13 -1 4 -1 -1 1 -1 0 -1 -1 1 8 -1 -1 7 10 -1 -1 10 5 -1 -1 -1 5 -1 -1 21 13 -1 13 -1 6 -1 -1 7 8 -1 3 -1 0 3 -1 -1 2 13 -1 -1 13 13 -1 13 -1 -1 13 -1 13 13 -1 20 19 -1 28 -1 13 12 -1 -1 13 -1 13 -1 13 14 -1 -1 13 13 -1 -1 13 13 -1 11 2 -1 27 -1 17 -1 -1 13 13 -1 -1 13 13 -1 -1 -1 13 -1 13 13 -1 13 29 -1 18 13 -1 -1 13 13 -1 13 13 -1 -1 -1 11 9 -1 16 -1 -1 15 -1 -1 9 -1 13 -1 -1 13 -1 13 -1 -1 24 -1 22 25 -1 26 23 -1 Partidos totales: 82------ Partidos como local: 41-------Mßximo de dÝas de descanso: 3

Equipo: 14
14 -1 -1 22 -1 -1 -1 -1 14 14 -1 12 12 -1 11 -1 10 7 -1 0 0 -1 14 -1 14 14 -1 27 25 -1 -1 -1 28 -1 -1 29 17 -1 26 -1 -1 19 -1 14 14 -1 14 -1 -1 14 -1 9 4 -1 7 -1 14 -1 -1 -1 14 14 -1 -1 1 13 -1 23 15 -1 6 -1 16 14 -1 -1 -1 -1 14 -1 14 14 -1 14 14 -1 14 -1 14 14 -1 14 14 -1 20 -1 4 1 -1 -1 -1 -1 2 -1 3 10 -1 14 14 -1 14 -1 14 14 -1 14 -1 -1 -1 14 14 -1 -1 14 -1 13 24 -1 18 14 -1 -1 -1 -1 14 -1 14 14 -1 -1 14 -1 9 -1 8 5 -1 -1 14 -1 14 -1 11 3 -1 21 -1 -1 5 -1 6 14 -1 Partidos totales: 82------ Partidos como local: 41-------Mßximo de dÝas de descanso: 4

Equipo: 15
15 15 -1 15 -1 -1 15 -1 15 15 -1 -1 27 -1 27 29 -1 26 -1 25 15 -1 -1 21 -1 24 15 -1 -1 -1 18 -1 -1 -1 -1 6 7 -1 11 -1 -1 1 -1 14 13 -1 15 15 -1 15 -1 15 16 -1 16 -1 -1 15 -1 17 20 -1 -1 -1 15 18 -1 10 15 -1 15 -1 24 9 -1 8 12 -1 15 19 -1 15 -1 15 -1 -1 -1 -1 15 15 -1 15 15 -1 17 -1 15 -1 -1 -1 15 -1 15 -1 15 22 -1 22 28 -1 28 -1 29 -1 26 -1 15 -1 -1 -1 15 15 -1 -1 15 -1 -1 -1 15 15 -1 15 2 -1 -1 -1 4 -1 -1 23 15 -1 15 -1 5 20 -1 21 -1 -1 0 -1 3 15 -1 15 15 -1 15 -1 15 19 -1 Partidos totales: 82------ Partidos como local: 41-------Mßximo de dÝas de descanso: 4

Equipo: 16
8 21 -1 16 19 -1 19 -1 -1 18 -1 16 -1 -1 -1 -1 16 16 -1 16 -1 -1 21 -1 -1 20 15 -1 16 16 -1 -1 27 29 -1 25 18 -1 -1 -1 16 -1 -1 5 12 -1 14 -1 23 16 -1 16 16 -1 16 16 -1 -1 -1 16 24 -1 22 4 -1 -1 -1 2 16 -1 16 -1 16 26 -1 -1 28 -1 29 -1 16 16 -1 16 16 -1 17 -1 17 -1 -1 16 16 -1 16 -1 -1 16 -1 16 -1 -1 0 -1 1 3 -1 11 6 -1 -1 -1 -1 16 16 -1 16 -1 25 -1 28 15 -1 24 -1 22 -1 -1 23 16 -1 16 13 -1 10 -1 9 16 -1 16 16 -1 16 -1 7 16 -1 -1 16 -1 -1 -1 16 27 -1 16 16 -1 -1 -1 -1 16 -1 Partidos totales: 82------ Partidos como local: 41-------Mßximo de dÝas de descanso: 4

Equipo: 17
-1 17 -1 19 25 -1 -1 -1 15 -1 -1 -1 6 17 -1 -1 18 16 -1 17 5 -1 -1 -1 9 17 -1 17 20 -1 -1 -1 8 27 -1 28 17 -1 17 -1 17 17 -1 22 14 -1 22 -1 26 -1 -1 29 -1 -1 17 -1 17 17 -1 17 17 -1 23 -1 24 29 -1 27 17 -1 13 -1 12 4 -1 17 21 -1 -1 -1 -1 1 -1 17 17 -1 17 -1 17 18 -1 17 17 -1 17 -1 17 17 -1 -1 17 -1 -1 -1 17 17 -1 -1 17 -1 17 -1 21 16 -1 17 17 -1 17 -1 17 7 -1 20 26 -1 -1 -1 17 17 -1 -1 -1 -1 17 -1 25 17 -1 17 19 -1 23 -1 0 -1 -1 -1 3 -1 11 -1 10 -1 -1 2 15 -1 17 -1 17 -1 -1 Partidos totales: 82------ Partidos como local: 41-------Mßximo de dÝas de descanso: 4

Equipo: 18
18 15 -1 18 -1 -1 18 -1 18 18 -1 18 18 -1 -1 -1 18 -1 -1 -1 18 27 -1 -1 -1 28 -1 29 18 -1 18 19 -1 23 18 -1 18 -1 18 -1 22 18 -1 24 21 -1 9 8 -1 1 -1 3 7 -1 6 -1 11 17 -1 18 -1 -1 -1 -1 18 18 -1 18 18 -1 18 -1 18 29 -1 -1 25 -1 -1 -1 25 18 -1 -1 -1 -1 18 -1 18 18 -1 23 16 -1 4 0 -1 2 -1 -1 10 -1 -1 -1 20 20 -1 -1 14 -1 12 13 -1 -1 -1 5 15 -1 -1 18 18 -1 -1 -1 18 -1 18 -1 18 18 -1 -1 26 -1 26 -1 24 18 -1 18 21 -1 16 -1 18 18 -1 18 18 -1 28 -1 19 18 -1 18 -1 -1 -1 -1 17 18 -1 Partidos totales: 82------ Partidos como local: 41-------Mßximo de dÝas de descanso: 4

Equipo: 19
19 -1 -1 19 19 -1 19 19 -1 19 -1 3 -1 -1 2 -1 6 10 -1 -1 1 -1 -1 -1 -1 12 -1 20 28 -1 -1 19 19 -1 18 -1 25 -1 25 19 -1 19 -1 19 26 -1 15 -1 -1 23 -1 24 -1 -1 22 -1 17 28 -1 19 19 -1 19 -1 19 -1 -1 -1 18 -1 16 21 -1 11 -1 27 19 -1 19 19 -1 19 -1 -1 19 -1 19 -1 19 19 -1 -1 19 -1 19 -1 15 4 -1 0 -1 29 26 -1 27 7 -1 8 -1 -1 9 -1 5 19 -1 19 19 -1 -1 -1 17 -1 -1 19 19 -1 19 -1 19 14 -1 13 22 -1 24 -1 -1 23 -1 20 19 -1 -1 -1 19 19 -1 -1 16 -1 19 -1 19 19 -1 19 19 -1 -1 -1 -1 19 -1 Partidos totales: 82------ Partidos como local: 41-------Mßximo de dÝas de descanso: 4

Equipo: 20
20 20 -1 12 7 -1 15 -1 20 -1 20 20 -1 -1 -1 -1 9 20 -1 24 26 -1 28 -1 20 20 -1 20 20 -1 20 -1 20 10 -1 4 -1 -1 0 -1 16 17 -1 27 -1 -1 25 -1 29 -1 -1 8 20 -1 -1 22 20 -1 -1 -1 20 -1 20 -1 18 20 -1 20 20 -1 20 -1 20 -1 -1 20 20 -1 20 -1 20 -1 -1 24 -1 -1 -1 -1 20 23 -1 -1 20 -1 20 -1 20 20 -1 1 -1 -1 11 -1 20 20 -1 21 20 -1 3 -1 2 28 -1 27 16 -1 -1 5 6 -1 -1 20 19 -1 19 -1 22 -1 -1 23 21 -1 -1 -1 20 20 -1 20 -1 -1 -1 -1 18 20 -1 -1 14 -1 -1 -1 13 20 -1 20 25 -1 29 -1 15 20 -1 Partidos totales: 82------ Partidos como local: 41-------Mßximo de dÝas de descanso: 4

Equipo: 21
-1 21 -1 -1 21 7 -1 -1 6 21 -1 13 -1 -1 21 -1 21 21 -1 -1 21 -1 21 21 -1 9 -1 17 -1 16 23 -1 29 -1 -1 -1 28 -1 27 -1 -1 18 -1 21 21 -1 -1 15 24 -1 -1 16 21 -1 21 -1 21 21 -1 21 -1 1 3 -1 0 21 -1 21 21 -1 21 21 -1 27 -1 28 21 -1 21 -1 20 -1 -1 -1 22 21 -1 21 -1 21 -1 15 19 -1 19 -1 21 -1 -1 -1 21 -1 8 -1 5 21 -1 21 21 -1 -1 -1 21 11 -1 2 4 -1 17 -1 26 26 -1 -1 29 -1 23 -1 -1 22 -1 25 21 -1 14 -1 20 -1 -1 -1 21 -1 21 -1 21 -1 -1 21 21 -1 21 -1 -1 -1 -1 21 12 -1 10 -1 21 24 -1 Partidos totales: 82------ Partidos como local: 41-------Mßximo de dÝas de descanso: 4

Equipo: 22
22 22 -1 22 -1 -1 0 -1 3 21 -1 -1 18 17 -1 -1 29 27 -1 27 -1 -1 25 -1 25 22 -1 22 16 -1 7 -1 5 -1 -1 -1 9 -1 1 -1 22 -1 -1 22 -1 -1 22 -1 22 14 -1 2 20 -1 22 22 -1 -1 -1 22 22 -1 22 22 -1 -1 -1 22 22 -1 24 -1 20 13 -1 22 22 -1 -1 -1 -1 23 22 -1 22 -1 19 -1 19 28 -1 -1 17 8 -1 6 22 -1 22 -1 -1 -1 22 -1 22 22 -1 22 26 -1 26 12 -1 10 -1 -1 11 4 -1 -1 15 23 -1 -1 22 22 -1 -1 22 22 -1 24 22 -1 -1 -1 22 22 -1 22 -1 -1 -1 22 22 -1 -1 22 21 -1 -1 -1 16 22 -1 -1 22 22 -1 -1 -1 18 29 Partidos totales: 82------ Partidos como local: 41-------Mßximo de dÝas de descanso: 4

Equipo: 23
18 23 -1 23 21 -1 23 -1 12 -1 -1 20 23 -1 -1 -1 -1 23 -1 17 28 -1 -1 -1 -1 29 -1 24 23 -1 23 -1 23 23 -1 -1 6 -1 4 11 -1 3 -1 0 7 -1 -1 -1 23 23 -1 23 23 -1 23 -1 14 10 -1 2 22 -1 23 -1 23 23 -1 23 25 -1 25 -1 8 -1 -1 9 -1 -1 5 -1 16 23 -1 -1 24 -1 -1 -1 20 23 -1 23 15 -1 26 -1 26 23 -1 23 15 -1 23 -1 23 1 -1 13 21 -1 23 -1 -1 -1 -1 19 28 -1 -1 -1 23 23 -1 -1 22 -1 23 -1 23 -1 -1 23 23 -1 23 23 -1 23 -1 23 23 -1 23 -1 -1 23 -1 23 27 -1 -1 -1 -1 18 -1 19 -1 -1 17 -1 29 23 -1 Partidos totales: 82------ Partidos como local: 41-------Mßximo de dÝas de descanso: 4

Equipo: 24
24 24 -1 -1 -1 -1 12 -1 14 19 -1 -1 -1 25 -1 -1 25 21 -1 24 18 -1 9 -1 20 24 -1 24 24 -1 28 -1 -1 28 -1 -1 27 -1 -1 27 -1 26 -1 24 24 -1 24 -1 24 24 -1 24 3 -1 0 -1 -1 7 -1 6 24 -1 24 -1 24 24 -1 18 24 -1 24 -1 24 10 -1 24 24 -1 15 -1 -1 15 -1 24 24 -1 24 21 -1 -1 -1 16 -1 -1 16 -1 17 20 -1 23 -1 -1 22 -1 22 17 -1 4 1 -1 11 -1 24 26 -1 29 -1 -1 5 -1 8 24 -1 24 -1 -1 24 -1 13 -1 -1 24 24 -1 24 -1 24 -1 -1 24 23 -1 24 -1 24 -1 -1 24 24 -1 2 -1 -1 24 -1 24 24 -1 -1 -1 -1 24 -1 Partidos totales: 82------ Partidos como local: 41-------Mßximo de dÝas de descanso: 4

Equipo: 25
15 23 -1 23 25 -1 -1 -1 -1 25 -1 -1 25 25 -1 -1 25 13 -1 25 -1 -1 25 -1 25 -1 -1 25 25 -1 25 -1 19 25 -1 25 25 -1 25 -1 25 -1 -1 26 27 -1 25 -1 25 2 -1 6 -1 4 -1 16 -1 21 -1 22 -1 14 10 -1 7 0 -1 1 25 -1 25 -1 27 25 -1 26 25 -1 25 -1 25 18 -1 11 -1 -1 3 -1 25 -1 -1 12 20 -1 -1 -1 20 -1 22 -1 21 -1 15 -1 -1 8 -1 5 9 -1 25 -1 25 -1 -1 17 -1 -1 25 29 -1 29 -1 28 28 -1 18 -1 17 25 -1 25 -1 -1 -1 -1 25 25 -1 25 25 -1 -1 -1 25 25 -1 24 25 -1 -1 -1 25 19 -1 -1 25 -1 25 25 -1 -1 -1 Partidos totales: 82------ Partidos como local: 41-------Mßximo de dÝas de descanso: 4

Equipo: 26
22 -1 -1 18 -1 -1 -1 -1 18 15 -1 4 13 -1 21 -1 16 26 -1 28 26 -1 26 -1 26 22 -1 -1 24 -1 20 9 -1 6 -1 8 1 -1 26 -1 26 26 -1 26 26 -1 -1 -1 26 24 -1 -1 12 -1 11 3 -1 5 -1 10 14 -1 20 -1 23 23 -1 26 -1 -1 26 -1 26 26 -1 26 26 -1 25 -1 29 -1 -1 -1 17 -1 26 26 -1 26 -1 -1 -1 -1 26 -1 26 16 -1 2 0 -1 26 -1 -1 -1 -1 26 26 -1 26 -1 -1 26 26 -1 29 -1 -1 -1 26 26 -1 -1 26 -1 28 -1 19 17 -1 -1 26 -1 26 -1 26 26 -1 -1 26 -1 26 -1 25 26 -1 26 -1 -1 26 -1 7 15 -1 27 27 -1 26 -1 26 -1 -1 Partidos totales: 82------ Partidos como local: 41-------Mßximo de dÝas de descanso: 4

Equipo: 27
27 -1 -1 27 5 -1 23 -1 20 13 -1 16 27 -1 27 -1 -1 27 -1 27 -1 27 -1 -1 27 -1 -1 27 -1 -1 25 -1 27 27 -1 27 27 -1 27 27 -1 27 -1 27 27 -1 27 -1 28 -1 -1 -1 27 -1 17 -1 10 -1 -1 21 -1 -1 24 22 -1 24 -1 27 28 -1 27 -1 27 27 -1 27 27 -1 27 -1 9 16 -1 6 -1 21 18 -1 15 -1 29 -1 27 -1 27 -1 22 11 -1 3 27 -1 27 -1 27 -1 -1 -1 17 -1 -1 -1 -1 29 -1 27 19 -1 27 -1 23 12 -1 14 0 -1 2 -1 4 7 -1 1 8 -1 -1 -1 -1 18 -1 27 -1 -1 27 -1 19 26 -1 26 27 -1 -1 -1 -1 27 -1 27 27 -1 27 25 -1 -1 -1 Partidos totales: 82------ Partidos como local: 41-------Mßximo de dÝas de descanso: 4

Equipo: 28
27 17 -1 16 9 -1 2 -1 0 3 -1 -1 25 -1 -1 -1 -1 28 -1 28 28 -1 28 -1 28 28 -1 25 28 -1 28 -1 28 28 -1 28 28 -1 -1 -1 26 29 -1 29 28 -1 -1 -1 28 16 -1 23 27 -1 -1 -1 -1 28 -1 19 5 -1 8 -1 -1 21 -1 20 28 -1 28 -1 28 28 -1 28 28 -1 28 -1 -1 19 22 -1 -1 -1 24 -1 18 28 -1 -1 28 28 -1 -1 28 17 -1 -1 4 -1 1 -1 11 21 -1 26 28 -1 28 -1 28 28 -1 -1 28 -1 -1 -1 28 28 -1 28 28 -1 28 -1 15 13 -1 12 -1 -1 -1 -1 14 20 -1 24 28 -1 28 -1 -1 28 -1 -1 -1 -1 28 -1 28 22 -1 15 10 -1 7 -1 -1 6 -1 Partidos totales: 82------ Partidos como local: 41-------Mßximo de dÝas de descanso: 4

Equipo: 29
-1 24 -1 5 4 -1 8 -1 -1 0 -1 1 23 -1 -1 29 29 -1 -1 29 15 -1 29 -1 26 29 -1 29 -1 -1 29 -1 29 29 -1 29 -1 -1 -1 -1 25 29 -1 29 6 -1 13 -1 29 15 -1 29 29 -1 21 -1 21 9 -1 16 19 -1 29 -1 -1 29 -1 11 2 -1 20 -1 29 29 -1 29 -1 -1 29 -1 29 -1 -1 17 19 -1 -1 26 29 -1 29 -1 27 28 -1 -1 28 -1 -1 -1 27 29 -1 -1 23 -1 -1 3 10 -1 7 -1 29 29 -1 29 29 -1 -1 29 -1 29 29 -1 29 -1 29 -1 -1 16 -1 -1 24 -1 29 -1 -1 -1 -1 29 29 -1 -1 29 -1 25 -1 18 18 -1 14 -1 12 -1 -1 20 22 -1 29 -1 29 -1 29 Partidos totales: 82------ Partidos como local: 41-------Mßximo de dÝas de descanso: 4